0.0036 	3
0.0116 	13
0.0196 	12
0.0276 	10
0.0356 	16
0.0436 	19
0.0516 	11
0.0596 	10
0.0676 	8
0.0756 	8
0.0836 	14
0.0916 	20
0.0996 	13
0.1076 	8
0.1156 	9
0.1236 	14
0.1316 	11
0.1396 	6
0.1476 	9
0.1556 	8
0.1636 	17
0.1716 	12
0.1796 	9
0.1876 	13
0.1956 	4
0.2036 	13
0.2116 	14
0.2196 	13
0.2276 	9
0.2356 	9
0.2436 	5
0.2516 	7
0.2596 	6
0.2676 	10
0.2756 	6
0.2836 	14
0.2916 	14
0.2996 	15
0.3076 	14
0.3156 	10
0.3236 	8
0.3316 	8
0.3396 	6
0.3476 	4
0.3556 	10
0.3636 	17
0.3716 	14
0.3796 	5
0.3876 	6
0.3956 	12
0.4036 	8
0.4116 	8
0.4196 	8
0.4276 	8
0.4356 	10
0.4436 	12
0.4516 	16
0.4596 	3
0.4676 	6
0.4756 	12
0.4836 	5
0.4916 	10
0.4996 	6
0.5076 	3
0.5156 	3
0.5236 	11
0.5316 	8
0.5396 	14
0.5476 	7
0.5556 	8
0.5636 	10
0.5716 	4
0.5796 	8
0.5876 	22
0.5956 	779
0.6036 	4956
0.6116 	10275
0.6196 	12656
0.6276 	12304
0.6356 	11600
0.6436 	9430
0.6516 	4720
0.6596 	2397
0.6676 	1763
0.6756 	602
0.6836 	59
0.6916 	42
0.6996 	98
0.7076 	50
0.7156 	15
0.7236 	17
0.7316 	47
0.7396 	122
0.7476 	312
0.7556 	535
0.7636 	1991
0.7716 	1208
0.7796 	709
0.7876 	377
0.7956 	123
0.8036 	38
0.8116 	13
0.8196 	23
0.8276 	16
0.8356 	19
0.8436 	21
0.8516 	16
0.8596 	30
0.8676 	35
0.8756 	32
0.8836 	33
0.8916 	50
0.8996 	72
0.9076 	100
0.9156 	142
0.9236 	138
0.9316 	103
0.9396 	137
0.9476 	161
0.9556 	127
0.9636 	135
0.9716 	129
0.9796 	126
0.9876 	131
0.9956 	128
1.0036 	123
1.0116 	101
1.0196 	97
1.0276 	167
1.0356 	305
1.0436 	509
1.0516 	683
1.0596 	874
1.0676 	1039
1.0756 	1088
1.0836 	1137
1.0916 	1215
1.0996 	1288
1.1076 	1285
1.1156 	1347
1.1236 	1287
1.1316 	1329
1.1396 	1305
1.1476 	1124
1.1556 	820
1.1636 	533
1.1716 	337
1.1796 	214
1.1876 	99
1.1956 	97
1.2036 	98
1.2116 	101
1.2196 	113
1.2276 	125
1.2356 	125
1.2436 	125
1.2516 	103
1.2596 	102
1.2676 	91
1.2756 	102
1.2836 	91
1.2916 	76
1.2996 	97
1.3076 	100
1.3156 	116
1.3236 	124
1.3316 	153
1.3396 	194
1.3476 	269
1.3556 	313
1.3636 	455
1.3716 	544
1.3796 	685
1.3876 	824
1.3956 	1188
1.4036 	1379
1.4116 	1609
1.4196 	1849
1.4276 	2009
1.4356 	2007
1.4436 	2064
1.4516 	2058
1.4596 	2016
1.4676 	1811
1.4756 	1465
1.4836 	1260
1.4916 	1024
1.4996 	823
1.5076 	668
1.5156 	527
1.5236 	412
1.5316 	408
1.5396 	383
1.5476 	391
1.5556 	400
1.5636 	432
1.5716 	389
1.5796 	355
1.5876 	356
1.5956 	295
1.6036 	369
1.6116 	283
1.6196 	236
1.6276 	200
1.6356 	202
1.6436 	235
1.6516 	159
1.6596 	119
1.6676 	84
1.6756 	6468
1.6836 	16726
1.6916 	546
1.6996 	99
1.7076 	30
1.7156 	20
1.7236 	26
1.7316 	40
1.7396 	23
1.7476 	22
1.7556 	21
1.7636 	21
1.7716 	22
1.7796 	7
1.7876 	16
1.7956 	20
1.8036 	17
1.8116 	20
1.8196 	17
1.8276 	9
1.8356 	10
1.8436 	20
1.8516 	21
1.8596 	25
1.8676 	18
1.8756 	24
1.8836 	35
1.8916 	38
1.8996 	31
1.9076 	25
1.9156 	41
1.9236 	36
1.9316 	48
1.9396 	41
1.9476 	57
1.9556 	61
1.9636 	68
1.9716 	69
1.9796 	87
1.9876 	151
1.9956 	133
2.0036 	100
2.0116 	91
2.0196 	168
2.0276 	100
2.0356 	71
2.0436 	53
2.0516 	57
2.0596 	59
2.0676 	49
2.0756 	36
2.0836 	34
2.0916 	26
2.0996 	19
2.1076 	22
2.1156 	26
2.1236 	20
2.1316 	119
2.1396 	1148
2.1476 	95
2.1556 	24
2.1636 	8
2.1716 	12
2.1796 	22
2.1876 	12
2.1956 	13
2.2036 	11
2.2116 	12
2.2196 	11
2.2276 	12
2.2356 	17
2.2436 	17
2.2516 	17
2.2596 	23
2.2676 	28
2.2756 	15
2.2836 	26
2.2916 	15
2.2996 	24
2.3076 	28
2.3156 	47
2.3236 	38
2.3316 	40
2.3396 	27
2.3476 	40
2.3556 	30
2.3636 	31
2.3716 	35
2.3796 	35
2.3876 	36
2.3956 	26
2.4036 	27
2.4116 	26
2.4196 	12
2.4276 	44
2.4356 	49
2.4436 	19
2.4516 	16
2.4596 	29
2.4676 	16
2.4756 	13
2.4836 	12
2.4916 	27
2.4996 	11
2.5076 	7
2.5156 	9
2.5236 	10
2.5316 	15
2.5396 	10
2.5476 	13
2.5556 	12
2.5636 	8
2.5716 	9
2.5796 	13
2.5876 	12
2.5956 	15
2.6036 	26
2.6116 	20
2.6196 	19
2.6276 	21
2.6356 	13
2.6436 	9
2.6516 	6
2.6596 	19
2.6676 	18
2.6756 	13
2.6836 	23
2.6916 	17
2.6996 	12
2.7076 	13
2.7156 	15
2.7236 	17
2.7316 	7
2.7396 	4
2.7476 	9
2.7556 	9
2.7636 	11
2.7716 	17
2.7796 	16
2.7876 	13
2.7956 	12
2.8036 	12
2.8116 	13
2.8196 	5
2.8276 	8
2.8356 	15
2.8436 	17
2.8516 	7
2.8596 	4
2.8676 	7
2.8756 	5
2.8836 	19
2.8916 	3
2.8996 	11
2.9076 	8
2.9156 	3
2.9236 	9
2.9316 	11
2.9396 	12
2.9476 	9
2.9556 	13
2.9636 	16
2.9716 	3
2.9796 	13
2.9876 	5
2.9956 	7
3.0036 	8
3.0116 	11
3.0196 	3
3.0276 	8
3.0356 	11
3.0436 	10
3.0516 	15
3.0596 	14
3.0676 	8
3.0756 	10
3.0836 	25
3.0916 	16
3.0996 	9
3.1076 	16
3.1156 	16
3.1236 	10
3.1316 	9
3.1396 	6
3.1476 	11
3.1556 	10
3.1636 	14
3.1716 	4
3.1796 	3
3.1876 	9
3.1956 	13
3.2036 	10
3.2116 	8
3.2196 	15
3.2276 	14
3.2356 	11
3.2436 	12
3.2516 	9
3.2596 	8
3.2676 	9
3.2756 	3
3.2836 	11
3.2916 	16
3.2996 	6
3.3076 	7
3.3156 	11
3.3236 	6
3.3316 	7
3.3396 	12
3.3476 	9
3.3556 	12
3.3636 	8
3.3716 	12
3.3796 	8
3.3876 	15
3.3956 	12
3.4036 	4
3.4116 	9
3.4196 	6
3.4276 	7
3.4356 	11
3.4436 	13
3.4516 	6
3.4596 	6
3.4676 	14
3.4756 	10
3.4836 	10
3.4916 	17
3.4996 	10
3.5076 	8
3.5156 	13
3.5236 	17
3.5316 	21
3.5396 	13
3.5476 	10
3.5556 	9
3.5636 	10
3.5716 	14
3.5796 	10
3.5876 	16
3.5956 	5
3.6036 	14
3.6116 	11
3.6196 	12
3.6276 	6
3.6356 	9
3.6436 	3
3.6516 	9
3.6596 	9
3.6676 	8
3.6756 	5
3.6836 	10
3.6916 	8
3.6996 	11
3.7076 	8
3.7156 	16
3.7236 	5
3.7316 	12
3.7396 	10
3.7476 	10
3.7556 	9
3.7636 	8
3.7716 	9
3.7796 	11
3.7876 	10
3.7956 	11
3.8036 	8
3.8116 	6
3.8196 	2
3.8276 	11
3.8356 	13
3.8436 	5
3.8516 	10
3.8596 	12
3.8676 	5
3.8756 	9
3.8836 	20
3.8916 	4
3.8996 	9
3.9076 	8
3.9156 	9
3.9236 	3
3.9316 	8
3.9396 	5
3.9476 	10
3.9556 	8
3.9636 	13
3.9716 	8
3.9796 	9
3.9876 	5
3.9956 	4
4.0036 	8
4.0116 	13
4.0196 	5
4.0276 	5
4.0356 	5
4.0436 	9
4.0516 	12
4.0596 	3
4.0676 	15
4.0756 	16
4.0836 	5
4.0916 	13
4.0996 	10
4.1076 	14
4.1156 	11
4.1236 	16
4.1316 	12
4.1396 	6
4.1476 	6
4.1556 	8
4.1636 	8
4.1716 	10
4.1796 	10
4.1876 	9
4.1956 	16
4.2036 	9
4.2116 	11
4.2196 	10
4.2276 	10
4.2356 	18
4.2436 	11
4.2516 	8
4.2596 	6
4.2676 	15
4.2756 	13
4.2836 	13
4.2916 	17
4.2996 	7
4.3076 	4
4.3156 	8
4.3236 	5
4.3316 	21
4.3396 	17
4.3476 	15
4.3556 	15
4.3636 	4
4.3716 	8
4.3796 	14
4.3876 	8
4.3956 	12
4.4036 	6
4.4116 	10
4.4196 	8
4.4276 	6
4.4356 	10
4.4436 	7
4.4516 	8
4.4596 	12
4.4676 	7
4.4756 	13
4.4836 	19
4.4916 	6
4.4996 	10
4.5076 	9
4.5156 	11
4.5236 	10
4.5316 	14
4.5396 	7
4.5476 	10
4.5556 	7
4.5636 	5
4.5716 	8
4.5796 	11
4.5876 	10
4.5956 	10
4.6036 	18
4.6116 	10
4.6196 	12
4.6276 	10
4.6356 	14
4.6436 	5
4.6516 	12
4.6596 	6
4.6676 	7
4.6756 	13
4.6836 	7
4.6916 	11
4.6996 	13
4.7076 	9
4.7156 	18
4.7236 	9
4.7316 	9
4.7396 	4
4.7476 	3
4.7556 	8
4.7636 	10
4.7716 	6
4.7796 	6
4.7876 	9
4.7956 	7
4.8036 	8
4.8116 	8
4.8196 	8
4.8276 	7
4.8356 	8
4.8436 	8
4.8516 	8
4.8596 	6
4.8676 	11
4.8756 	9
4.8836 	6
4.8916 	8
4.8996 	10
4.9076 	8
4.9156 	4
4.9236 	7
4.9316 	12
4.9396 	4
4.9476 	4
4.9556 	9
4.9636 	8
4.9716 	12
4.9796 	10
4.9876 	9
4.9956 	8
5.0036 	6
5.0116 	4
5.0196 	4
5.0276 	17
5.0356 	11
5.0436 	13
5.0516 	10
5.0596 	12
5.0676 	9
5.0756 	9
5.0836 	11
5.0916 	10
5.0996 	8
5.1076 	3
5.1156 	6
5.1236 	12
5.1316 	7
5.1396 	6
5.1476 	7
5.1556 	5
5.1636 	7
5.1716 	14
5.1796 	3
5.1876 	10
5.1956 	11
5.2036 	8
5.2116 	9
5.2196 	16
5.2276 	6
5.2356 	5
5.2436 	15
5.2516 	6
5.2596 	16
5.2676 	7
5.2756 	5
5.2836 	9
5.2916 	16
5.2996 	11
5.3076 	9
5.3156 	12
5.3236 	13
5.3316 	9
5.3396 	4
5.3476 	5
5.3556 	10
5.3636 	14
5.3716 	11
5.3796 	11
5.3876 	15
5.3956 	9
5.4036 	10
5.4116 	19
5.4196 	16
5.4276 	1
5.4356 	9
5.4436 	7
5.4516 	1
5.4596 	11
5.4676 	16
5.4756 	8
5.4836 	6
5.4916 	5
5.4996 	8
5.5076 	6
5.5156 	6
5.5236 	10
5.5316 	13
5.5396 	7
5.5476 	3
5.5556 	6
5.5636 	8
5.5716 	5
5.5796 	7
5.5876 	8
5.5956 	3
5.6036 	11
5.6116 	12
5.6196 	6
5.6276 	12
5.6356 	13
5.6436 	12
5.6516 	6
5.6596 	11
5.6676 	15
5.6756 	12
5.6836 	11
5.6916 	11
5.6996 	16
5.7076 	14
5.7156 	15
5.7236 	13
5.7316 	18
5.7396 	11
5.7476 	16
5.7556 	8
5.7636 	8
5.7716 	11
5.7796 	16
5.7876 	15
5.7956 	5
5.8036 	9
5.8116 	9
5.8196 	12
5.8276 	9
5.8356 	9
5.8436 	5
5.8516 	6
5.8596 	16
5.8676 	16
5.8756 	3
5.8836 	9
5.8916 	13
5.8996 	6
5.9076 	8
5.9156 	5
5.9236 	10
5.9316 	6
5.9396 	11
5.9476 	8
5.9556 	8
5.9636 	11
5.9716 	9
5.9796 	6
5.9876 	11
5.9956 	10
6.0036 	9
6.0116 	9
6.0196 	11
6.0276 	7
6.0356 	14
6.0436 	12
6.0516 	10
6.0596 	6
6.0676 	12
6.0756 	7
6.0836 	9
6.0916 	10
6.0996 	13
6.1076 	8
6.1156 	6
6.1236 	9
6.1316 	5
6.1396 	5
6.1476 	6
6.1556 	14
6.1636 	8
6.1716 	15
6.1796 	16
6.1876 	14
6.1956 	6
6.2036 	9
6.2116 	12
6.2196 	3
6.2276 	12
6.2356 	25
6.2436 	9
6.2516 	8
6.2596 	10
6.2676 	5
6.2756 	8
6.2836 	8
6.2916 	8
6.2996 	11
6.3076 	5
6.3156 	8
6.3236 	10
6.3316 	6
6.3396 	2
6.3476 	8
6.3556 	9
6.3636 	7
6.3716 	7
6.3796 	8
6.3876 	4
6.3956 	4
6.4036 	9
6.4116 	17
6.4196 	6
6.4276 	10
6.4356 	6
6.4436 	9
6.4516 	12
6.4596 	3
6.4676 	7
6.4756 	10
6.4836 	6
6.4916 	12
6.4996 	6
6.5076 	2
6.5156 	4
6.5236 	11
6.5316 	5
6.5396 	4
6.5476 	10
6.5556 	5
6.5636 	7
6.5716 	4
6.5796 	11
6.5876 	2
6.5956 	6
6.6036 	5
6.6116 	5
6.6196 	10
6.6276 	15
6.6356 	22
6.6436 	2
6.6516 	15
6.6596 	12
6.6676 	7
6.6756 	8
6.6836 	11
6.6916 	13
6.6996 	10
6.7076 	9
6.7156 	7
6.7236 	7
6.7316 	7
6.7396 	4
6.7476 	15
6.7556 	8
6.7636 	10
6.7716 	11
6.7796 	12
6.7876 	9
6.7956 	12
6.8036 	7
6.8116 	3
6.8196 	12
6.8276 	19
6.8356 	6
6.8436 	8
6.8516 	3
6.8596 	13
6.8676 	12
6.8756 	12
6.8836 	15
6.8916 	12
6.8996 	7
6.9076 	10
6.9156 	4
6.9236 	13
6.9316 	8
6.9396 	11
6.9476 	4
6.9556 	19
6.9636 	7
6.9716 	9
6.9796 	16
6.9876 	8
6.9956 	10
7.0036 	9
7.0116 	4
7.0196 	13
7.0276 	7
7.0356 	12
7.0436 	11
7.0516 	11
7.0596 	4
7.0676 	6
7.0756 	5
7.0836 	8
7.0916 	13
7.0996 	13
7.1076 	11
7.1156 	8
7.1236 	15
7.1316 	7
7.1396 	18
7.1476 	14
7.1556 	4
7.1636 	1
7.1716 	8
7.1796 	8
7.1876 	13
7.1956 	10
7.2036 	9
7.2116 	5
7.2196 	11
7.2276 	11
7.2356 	10
7.2436 	13
7.2516 	17
7.2596 	14
7.2676 	8
7.2756 	7
7.2836 	3
7.2916 	7
7.2996 	9
7.3076 	9
7.3156 	12
7.3236 	5
7.3316 	14
7.3396 	4
7.3476 	6
7.3556 	8
7.3636 	5
7.3716 	7
7.3796 	16
7.3876 	15
7.3956 	6
7.4036 	9
7.4116 	7
7.4196 	6
7.4276 	12
7.4356 	8
7.4436 	4
7.4516 	17
7.4596 	8
7.4676 	11
7.4756 	14
7.4836 	7
7.4916 	9
7.4996 	8
7.5076 	17
7.5156 	7
7.5236 	10
7.5316 	9
7.5396 	14
7.5476 	16
7.5556 	9
7.5636 	8
7.5716 	12
7.5796 	4
7.5876 	5
7.5956 	8
7.6036 	8
7.6116 	7
7.6196 	10
7.6276 	5
7.6356 	5
7.6436 	10
7.6516 	8
7.6596 	8
7.6676 	5
7.6756 	9
7.6836 	2
7.6916 	7
7.6996 	9
7.7076 	13
7.7156 	11
7.7236 	10
7.7316 	9
7.7396 	8
7.7476 	9
7.7556 	9
7.7636 	9
7.7716 	5
7.7796 	8
7.7876 	7
7.7956 	8
7.8036 	8
7.8116 	6
7.8196 	11
7.8276 	11
7.8356 	5
7.8436 	8
7.8516 	7
7.8596 	11
7.8676 	20
7.8756 	10
7.8836 	11
7.8916 	9
7.8996 	10
7.9076 	7
7.9156 	13
7.9236 	9
7.9316 	12
7.9396 	14
7.9476 	8
7.9556 	6
7.9636 	10
7.9716 	5
7.9796 	9
7.9876 	6
7.9956 	8
8.0036 	2
8.0116 	10
8.0196 	12
8.0276 	8
8.0356 	5
8.0436 	18
8.0516 	12
8.0596 	3
8.0676 	11
8.0756 	4
8.0836 	8
8.0916 	11
8.0996 	14
8.1076 	21
8.1156 	17
8.1236 	6
8.1316 	6
8.1396 	8
8.1476 	6
8.1556 	7
8.1636 	17
8.1716 	11
8.1796 	19
8.1876 	12
8.1956 	7
8.2036 	6
8.2116 	12
8.2196 	11
8.2276 	17
8.2356 	8
8.2436 	7
8.2516 	9
8.2596 	13
8.2676 	10
8.2756 	6
8.2836 	8
8.2916 	4
8.2996 	6
8.3076 	11
8.3156 	8
8.3236 	8
8.3316 	6
8.3396 	6
8.3476 	10
8.3556 	8
8.3636 	8
8.3716 	9
8.3796 	8
8.3876 	17
8.3956 	4
8.4036 	10
8.4116 	22
8.4196 	8
8.4276 	13
8.4356 	9
8.4436 	16
8.4516 	7
8.4596 	15
8.4676 	12
8.4756 	13
8.4836 	4
8.4916 	12
8.4996 	5
8.5076 	6
8.5156 	11
8.5236 	10
8.5316 	8
8.5396 	15
8.5476 	8
8.5556 	10
8.5636 	14
8.5716 	8
8.5796 	10
8.5876 	6
8.5956 	7
8.6036 	12
8.6116 	10
8.6196 	9
8.6276 	8
8.6356 	10
8.6436 	7
8.6516 	15
8.6596 	7
8.6676 	9
8.6756 	12
8.6836 	11
8.6916 	6
8.6996 	6
8.7076 	14
8.7156 	17
8.7236 	8
8.7316 	16
8.7396 	13
8.7476 	14
8.7556 	9
8.7636 	4
8.7716 	8
8.7796 	10
8.7876 	16
8.7956 	9
8.8036 	17
8.8116 	10
8.8196 	10
8.8276 	11
8.8356 	13
8.8436 	9
8.8516 	9
8.8596 	8
8.8676 	5
8.8756 	9
8.8836 	7
8.8916 	7
8.8996 	14
8.9076 	12
8.9156 	6
8.9236 	6
8.9316 	9
8.9396 	7
8.9476 	9
8.9556 	6
8.9636 	7
8.9716 	4
8.9796 	8
8.9876 	10
8.9956 	11
9.0036 	5
9.0116 	6
9.0196 	11
9.0276 	11
9.0356 	12
9.0436 	19
9.0516 	4
9.0596 	7
9.0676 	5
9.0756 	7
9.0836 	14
9.0916 	7
9.0996 	9
9.1076 	7
9.1156 	4
9.1236 	6
9.1316 	12
9.1396 	12
9.1476 	18
9.1556 	9
9.1636 	13
9.1716 	7
9.1796 	6
9.1876 	5
9.1956 	10
9.2036 	12
9.2116 	13
9.2196 	11
9.2276 	12
9.2356 	10
9.2436 	7
9.2516 	11
9.2596 	12
9.2676 	10
9.2756 	10
9.2836 	8
9.2916 	12
9.2996 	10
9.3076 	12
9.3156 	2
9.3236 	5
9.3316 	13
9.3396 	6
9.3476 	6
9.3556 	9
9.3636 	16
9.3716 	16
9.3796 	5
9.3876 	6
9.3956 	12
9.4036 	17
9.4116 	14
9.4196 	8
9.4276 	12
9.4356 	6
9.4436 	10
9.4516 	18
9.4596 	16
9.4676 	14
9.4756 	13
9.4836 	2
9.4916 	7
9.4996 	6
9.5076 	14
9.5156 	6
9.5236 	10
9.5316 	7
9.5396 	10
9.5476 	14
9.5556 	9
9.5636 	10
9.5716 	9
9.5796 	8
9.5876 	7
9.5956 	2
9.6036 	6
9.6116 	4
9.6196 	5
9.6276 	18
9.6356 	7
9.6436 	14
9.6516 	14
9.6596 	15
9.6676 	7
9.6756 	6
9.6836 	3
9.6916 	10
9.6996 	12
9.7076 	14
9.7156 	5
9.7236 	1
9.7316 	5
9.7396 	9
9.7476 	11
9.7556 	10
9.7636 	7
9.7716 	10
9.7796 	5
9.7876 	11
9.7956 	12
9.8036 	11
9.8116 	11
9.8196 	11
9.8276 	15
9.8356 	6
9.8436 	6
9.8516 	18
9.8596 	18
9.8676 	12
9.8756 	12
9.8836 	20
9.8916 	8
9.8996 	4
9.9076 	9
9.9156 	16
9.9236 	13
9.9316 	9
9.9396 	16
9.9476 	6
9.9556 	9
9.9636 	10
9.9716 	13
9.9796 	17
9.9876 	11
9.9956 	7
10.0036 	6
10.0116 	6
10.0196 	10
10.0276 	12
10.0356 	6
10.0436 	11
10.0516 	10
10.0596 	6
10.0676 	4
10.0756 	5
10.0836 	16
10.0916 	8
10.0996 	8
10.1076 	6
10.1156 	14
10.1236 	6
10.1316 	8
10.1396 	9
10.1476 	10
10.1556 	15
10.1636 	9
10.1716 	9
10.1796 	9
10.1876 	6
10.1956 	7
10.2036 	10
10.2116 	10
10.2196 	12
10.2276 	12
10.2356 	7
10.2436 	10
10.2516 	7
10.2596 	7
10.2676 	6
10.2756 	14
10.2836 	15
10.2916 	14
10.2996 	6
10.3076 	4
10.3156 	11
10.3236 	10
10.3316 	20
10.3396 	10
10.3476 	8
10.3556 	17
10.3636 	10
10.3716 	9
10.3796 	4
10.3876 	7
10.3956 	7
10.4036 	10
10.4116 	15
10.4196 	15
10.4276 	21
10.4356 	12
10.4436 	9
10.4516 	9
10.4596 	13
10.4676 	8
10.4756 	19
10.4836 	12
10.4916 	6
10.4996 	9
10.5076 	12
10.5156 	4
10.5236 	4
10.5316 	11
10.5396 	7
10.5476 	6
10.5556 	4
10.5636 	4
10.5716 	5
10.5796 	7
10.5876 	6
10.5956 	4
10.6036 	6
10.6116 	6
10.6196 	15
10.6276 	14
10.6356 	7
10.6436 	4
10.6516 	5
10.6596 	5
10.6676 	9
10.6756 	15
10.6836 	9
10.6916 	4
10.6996 	10
10.7076 	10
10.7156 	7
10.7236 	10
10.7316 	7
10.7396 	6
10.7476 	4
10.7556 	11
10.7636 	9
10.7716 	10
10.7796 	9
10.7876 	8
10.7956 	11
10.8036 	6
10.8116 	7
10.8196 	8
10.8276 	9
10.8356 	7
10.8436 	8
10.8516 	6
10.8596 	2
10.8676 	3
10.8756 	5
10.8836 	6
10.8916 	11
10.8996 	8
10.9076 	4
10.9156 	2
10.9236 	6
10.9316 	12
10.9396 	5
10.9476 	6
10.9556 	11
10.9636 	8
10.9716 	8
10.9796 	12
10.9876 	12
10.9956 	9
11.0036 	10
11.0116 	16
11.0196 	6
11.0276 	8
11.0356 	11
11.0436 	9
11.0516 	12
11.0596 	18
11.0676 	16
11.0756 	8
11.0836 	7
11.0916 	10
11.0996 	12
11.1076 	8
11.1156 	23
11.1236 	6
11.1316 	13
11.1396 	8
11.1476 	13
11.1556 	8
11.1636 	9
11.1716 	13
11.1796 	13
11.1876 	12
11.1956 	11
11.2036 	14
11.2116 	9
11.2196 	7
11.2276 	12
11.2356 	19
11.2436 	12
11.2516 	9
11.2596 	9
11.2676 	9
11.2756 	13
11.2836 	19
11.2916 	14
11.2996 	7
11.3076 	4
11.3156 	12
11.3236 	11
11.3316 	11
11.3396 	8
11.3476 	8
11.3556 	9
11.3636 	12
11.3716 	5
11.3796 	4
11.3876 	11
11.3956 	11
11.4036 	6
11.4116 	7
11.4196 	4
11.4276 	10
11.4356 	6
11.4436 	9
11.4516 	2
11.4596 	18
11.4676 	12
11.4756 	11
11.4836 	5
11.4916 	3
11.4996 	7
11.5076 	7
11.5156 	13
11.5236 	10
11.5316 	6
11.5396 	12
11.5476 	7
11.5556 	8
11.5636 	12
11.5716 	9
11.5796 	5
11.5876 	13
11.5956 	11
11.6036 	10
11.6116 	9
11.6196 	11
11.6276 	12
11.6356 	10
11.6436 	15
11.6516 	11
11.6596 	4
11.6676 	6
11.6756 	6
11.6836 	10
11.6916 	10
11.6996 	7
11.7076 	12
11.7156 	4
11.7236 	6
11.7316 	10
11.7396 	13
11.7476 	8
11.7556 	10
11.7636 	7
11.7716 	11
11.7796 	6
11.7876 	14
11.7956 	16
11.8036 	5
11.8116 	16
11.8196 	6
11.8276 	8
11.8356 	14
11.8436 	6
11.8516 	7
11.8596 	7
11.8676 	7
11.8756 	11
11.8836 	8
11.8916 	8
11.8996 	3
11.9076 	6
11.9156 	4
11.9236 	9
11.9316 	7
11.9396 	6
11.9476 	2
11.9556 	11
11.9636 	2
11.9716 	2
11.9796 	6
11.9876 	12
11.9956 	9
12.0036 	8
12.0116 	9
12.0196 	7
12.0276 	15
12.0356 	12
12.0436 	11
12.0516 	19
12.0596 	13
12.0676 	10
12.0756 	16
12.0836 	7
12.0916 	12
12.0996 	14
12.1076 	7
12.1156 	8
12.1236 	12
12.1316 	8
12.1396 	9
12.1476 	11
12.1556 	15
12.1636 	14
12.1716 	10
12.1796 	4
12.1876 	7
12.1956 	14
12.2036 	4
12.2116 	11
12.2196 	11
12.2276 	8
12.2356 	5
12.2436 	8
12.2516 	9
12.2596 	10
12.2676 	3
12.2756 	7
12.2836 	4
12.2916 	9
12.2996 	10
12.3076 	10
12.3156 	4
12.3236 	13
12.3316 	9
12.3396 	4
12.3476 	4
12.3556 	4
12.3636 	3
12.3716 	7
12.3796 	8
12.3876 	4
12.3956 	8
12.4036 	8
12.4116 	5
12.4196 	6
12.4276 	11
12.4356 	10
12.4436 	11
12.4516 	9
12.4596 	10
12.4676 	9
12.4756 	12
12.4836 	5
12.4916 	4
12.4996 	8
12.5076 	4
12.5156 	9
12.5236 	7
12.5316 	9
12.5396 	13
12.5476 	3
12.5556 	13
12.5636 	6
12.5716 	5
12.5796 	16
12.5876 	7
12.5956 	8
12.6036 	4
12.6116 	7
12.6196 	10
12.6276 	11
12.6356 	6
12.6436 	6
12.6516 	16
12.6596 	8
12.6676 	10
12.6756 	8
12.6836 	8
12.6916 	9
12.6996 	14
12.7076 	3
12.7156 	10
12.7236 	8
12.7316 	5
12.7396 	3
12.7476 	13
12.7556 	13
12.7636 	8
12.7716 	7
12.7796 	6
12.7876 	6
12.7956 	9
12.8036 	15
12.8116 	10
12.8196 	4
12.8276 	7
12.8356 	5
12.8436 	8
12.8516 	7
12.8596 	7
12.8676 	6
12.8756 	5
12.8836 	3
12.8916 	8
12.8996 	13
12.9076 	11
12.9156 	11
12.9236 	11
12.9316 	8
12.9396 	11
12.9476 	5
12.9556 	6
12.9636 	10
12.9716 	10
12.9796 	11
12.9876 	10
12.9956 	8
13.0036 	7
13.0116 	12
13.0196 	9
13.0276 	10
13.0356 	10
13.0436 	13
13.0516 	15
13.0596 	17
13.0676 	4
13.0756 	10
13.0836 	10
13.0916 	17
13.0996 	7
13.1076 	13
13.1156 	13
13.1236 	8
13.1316 	15
13.1396 	11
13.1476 	3
13.1556 	13
13.1636 	10
13.1716 	10
13.1796 	7
13.1876 	8
13.1956 	14
13.2036 	9
13.2116 	15
13.2196 	11
13.2276 	10
13.2356 	7
13.2436 	3
13.2516 	9
13.2596 	13
13.2676 	7
13.2756 	8
13.2836 	20
13.2916 	9
13.2996 	7
13.3076 	10
13.3156 	8
13.3236 	13
13.3316 	14
13.3396 	5
13.3476 	5
13.3556 	7
13.3636 	4
13.3716 	11
13.3796 	7
13.3876 	7
13.3956 	5
13.4036 	9
13.4116 	6
13.4196 	7
13.4276 	12
13.4356 	12
13.4436 	11
13.4516 	6
13.4596 	5
13.4676 	8
13.4756 	9
13.4836 	9
13.4916 	5
13.4996 	12
13.5076 	4
13.5156 	2
13.5236 	5
13.5316 	12
13.5396 	5
13.5476 	5
13.5556 	14
13.5636 	10
13.5716 	10
13.5796 	11
13.5876 	6
13.5956 	13
13.6036 	12
13.6116 	9
13.6196 	4
13.6276 	9
13.6356 	5
13.6436 	14
13.6516 	10
13.6596 	8
13.6676 	11
13.6756 	11
13.6836 	5
13.6916 	9
13.6996 	5
13.7076 	8
13.7156 	14
13.7236 	21
13.7316 	11
13.7396 	5
13.7476 	8
13.7556 	6
13.7636 	10
13.7716 	13
13.7796 	14
13.7876 	11
13.7956 	6
13.8036 	8
13.8116 	7
13.8196 	9
13.8276 	14
13.8356 	3
13.8436 	6
13.8516 	10
13.8596 	6
13.8676 	6
13.8756 	8
13.8836 	11
13.8916 	5
13.8996 	5
13.9076 	8
13.9156 	15
13.9236 	12
13.9316 	7
13.9396 	4
13.9476 	8
13.9556 	10
13.9636 	11
13.9716 	13
13.9796 	11
13.9876 	5
13.9956 	7
14.0036 	9
14.0116 	8
14.0196 	15
14.0276 	11
14.0356 	12
14.0436 	7
14.0516 	11
14.0596 	7
14.0676 	6
14.0756 	9
14.0836 	9
14.0916 	7
14.0996 	15
14.1076 	15
14.1156 	6
14.1236 	7
14.1316 	2
14.1396 	4
14.1476 	15
14.1556 	16
14.1636 	8
14.1716 	9
14.1796 	4
14.1876 	5
14.1956 	11
14.2036 	5
14.2116 	10
14.2196 	4
14.2276 	7
14.2356 	12
14.2436 	8
14.2516 	10
14.2596 	9
14.2676 	11
14.2756 	6
14.2836 	9
14.2916 	11
14.2996 	15
14.3076 	10
14.3156 	4
14.3236 	12
14.3316 	8
14.3396 	8
14.3476 	15
14.3556 	6
14.3636 	5
14.3716 	6
14.3796 	2
14.3876 	18
14.3956 	5
14.4036 	12
14.4116 	7
14.4196 	15
14.4276 	4
14.4356 	8
14.4436 	10
14.4516 	7
14.4596 	10
14.4676 	12
14.4756 	4
14.4836 	4
14.4916 	10
14.4996 	13
14.5076 	16
14.5156 	5
14.5236 	10
14.5316 	14
14.5396 	11
14.5476 	10
14.5556 	5
14.5636 	5
14.5716 	10
14.5796 	4
14.5876 	12
14.5956 	12
14.6036 	11
14.6116 	7
14.6196 	6
14.6276 	13
14.6356 	12
14.6436 	8
14.6516 	13
14.6596 	15
14.6676 	8
14.6756 	7
14.6836 	9
14.6916 	15
14.6996 	16
14.7076 	15
14.7156 	12
14.7236 	5
14.7316 	6
14.7396 	5
14.7476 	6
14.7556 	11
14.7636 	8
14.7716 	4
14.7796 	15
14.7876 	6
14.7956 	14
14.8036 	10
14.8116 	12
14.8196 	6
14.8276 	7
14.8356 	8
14.8436 	8
14.8516 	3
14.8596 	11
14.8676 	8
14.8756 	9
14.8836 	7
14.8916 	4
14.8996 	9
14.9076 	4
14.9156 	4
14.9236 	5
14.9316 	6
14.9396 	11
14.9476 	18
14.9556 	15
14.9636 	9
14.9716 	10
14.9796 	9
14.9876 	8
14.9956 	14
15.0036 	10
15.0116 	16
15.0196 	10
15.0276 	8
15.0356 	10
15.0436 	17
15.0516 	11
15.0596 	18
15.0676 	8
15.0756 	22
15.0836 	4
15.0916 	8
15.0996 	10
15.1076 	6
15.1156 	9
15.1236 	11
15.1316 	14
15.1396 	6
15.1476 	7
15.1556 	6
15.1636 	3
15.1716 	10
15.1796 	15
15.1876 	12
15.1956 	4
15.2036 	8
15.2116 	4
15.2196 	13
15.2276 	12
15.2356 	11
15.2436 	6
15.2516 	10
15.2596 	9
15.2676 	12
15.2756 	8
15.2836 	16
15.2916 	10
15.2996 	14
15.3076 	9
15.3156 	9
15.3236 	13
15.3316 	11
15.3396 	12
15.3476 	7
15.3556 	7
15.3636 	8
15.3716 	5
15.3796 	15
15.3876 	13
15.3956 	9
15.4036 	13
15.4116 	4
15.4196 	9
15.4276 	13
15.4356 	9
15.4436 	8
15.4516 	11
15.4596 	14
15.4676 	5
15.4756 	1
15.4836 	11
15.4916 	10
15.4996 	7
15.5076 	15
15.5156 	5
15.5236 	4
15.5316 	7
15.5396 	6
15.5476 	12
15.5556 	10
15.5636 	6
15.5716 	10
15.5796 	7
15.5876 	7
15.5956 	8
15.6036 	13
15.6116 	7
15.6196 	14
15.6276 	7
15.6356 	12
15.6436 	9
15.6516 	5
15.6596 	7
15.6676 	14
15.6756 	10
15.6836 	6
15.6916 	9
15.6996 	7
15.7076 	11
15.7156 	8
15.7236 	9
15.7316 	15
15.7396 	13
15.7476 	7
15.7556 	7
15.7636 	12
15.7716 	9
15.7796 	4
15.7876 	9
15.7956 	9
15.8036 	8
15.8116 	8
15.8196 	10
15.8276 	4
15.8356 	13
15.8436 	5
15.8516 	10
15.8596 	4
15.8676 	4
15.8756 	7
15.8836 	5
15.8916 	10
15.8996 	3
15.9076 	9
15.9156 	12
15.9236 	7
15.9316 	8
15.9396 	5
15.9476 	8
15.9556 	7
15.9636 	10
15.9716 	11
15.9796 	13
15.9876 	10
15.9956 	17
16.0036 	16
16.0116 	3
16.0196 	7
16.0276 	4
16.0356 	8
16.0436 	13
16.0516 	23
16.0596 	15
16.0676 	11
16.0756 	9
16.0836 	4
16.0916 	5
16.0996 	5
16.1076 	7
16.1156 	8
16.1236 	8
16.1316 	10
16.1396 	19
16.1476 	11
16.1556 	5
16.1636 	7
16.1716 	11
16.1796 	10
16.1876 	13
16.1956 	17
16.2036 	11
16.2116 	10
16.2196 	7
16.2276 	10
16.2356 	4
16.2436 	10
16.2516 	10
16.2596 	7
16.2676 	8
16.2756 	8
16.2836 	11
16.2916 	7
16.2996 	6
16.3076 	8
16.3156 	10
16.3236 	7
16.3316 	4
16.3396 	11
16.3476 	10
16.3556 	9
16.3636 	8
16.3716 	16
16.3796 	13
16.3876 	9
16.3956 	7
16.4036 	9
16.4116 	13
16.4196 	14
16.4276 	7
16.4356 	6
16.4436 	3
16.4516 	5
16.4596 	8
16.4676 	9
16.4756 	12
16.4836 	13
16.4916 	4
16.4996 	5
16.5076 	5
16.5156 	15
16.5236 	7
16.5316 	17
16.5396 	9
16.5476 	14
16.5556 	6
16.5636 	6
16.5716 	7
16.5796 	10
16.5876 	17
16.5956 	12
16.6036 	11
16.6116 	7
16.6196 	11
16.6276 	9
16.6356 	12
16.6436 	14
16.6516 	11
16.6596 	11
16.6676 	12
16.6756 	7
16.6836 	14
16.6916 	8
16.6996 	9
16.7076 	6
16.7156 	13
16.7236 	14
16.7316 	7
16.7396 	11
16.7476 	9
16.7556 	1
16.7636 	8
16.7716 	15
16.7796 	14
16.7876 	7
16.7956 	12
16.8036 	8
16.8116 	5
16.8196 	10
16.8276 	18
16.8356 	10
16.8436 	9
16.8516 	8
16.8596 	5
16.8676 	7
16.8756 	9
16.8836 	12
16.8916 	8
16.8996 	3
16.9076 	3
16.9156 	6
16.9236 	12
16.9316 	7
16.9396 	7
16.9476 	10
16.9556 	6
16.9636 	9
16.9716 	8
16.9796 	11
16.9876 	7
16.9956 	8
17.0036 	12
17.0116 	9
17.0196 	6
17.0276 	12
17.0356 	10
17.0436 	12
17.0516 	4
17.0596 	7
17.0676 	8
17.0756 	10
17.0836 	12
17.0916 	5
17.0996 	14
17.1076 	10
17.1156 	7
17.1236 	3
17.1316 	6
17.1396 	12
17.1476 	10
17.1556 	6
17.1636 	3
17.1716 	4
17.1796 	5
17.1876 	4
17.1956 	9
17.2036 	12
17.2116 	14
17.2196 	9
17.2276 	14
17.2356 	9
17.2436 	12
17.2516 	7
17.2596 	2
17.2676 	11
17.2756 	15
17.2836 	15
17.2916 	4
17.2996 	10
17.3076 	8
17.3156 	17
17.3236 	9
17.3316 	14
17.3396 	11
17.3476 	7
17.3556 	10
17.3636 	11
17.3716 	7
17.3796 	4
17.3876 	13
17.3956 	12
17.4036 	11
17.4116 	8
17.4196 	4
17.4276 	5
17.4356 	8
17.4436 	16
17.4516 	11
17.4596 	8
17.4676 	6
17.4756 	17
17.4836 	17
17.4916 	4
17.4996 	19
17.5076 	9
17.5156 	7
17.5236 	7
17.5316 	8
17.5396 	6
17.5476 	3
17.5556 	8
17.5636 	11
17.5716 	6
17.5796 	3
17.5876 	7
17.5956 	8
17.6036 	8
17.6116 	6
17.6196 	5
17.6276 	3
17.6356 	7
17.6436 	14
17.6516 	7
17.6596 	13
17.6676 	17
17.6756 	14
17.6836 	6
17.6916 	10
17.6996 	9
17.7076 	17
17.7156 	14
17.7236 	20
17.7316 	11
17.7396 	2
17.7476 	16
17.7556 	16
17.7636 	9
17.7716 	4
17.7796 	7
17.7876 	9
17.7956 	7
17.8036 	10
17.8116 	8
17.8196 	9
17.8276 	9
17.8356 	3
17.8436 	10
17.8516 	9
17.8596 	8
17.8676 	6
17.8756 	11
17.8836 	12
17.8916 	7
17.8996 	8
17.9076 	16
17.9156 	11
17.9236 	5
17.9316 	12
17.9396 	9
17.9476 	5
17.9556 	9
17.9636 	4
17.9716 	7
17.9796 	8
17.9876 	7
17.9956 	11
18.0036 	7
18.0116 	7
18.0196 	4
18.0276 	6
18.0356 	9
18.0436 	6
18.0516 	7
18.0596 	10
18.0676 	6
18.0756 	7
18.0836 	12
18.0916 	8
18.0996 	9
18.1076 	6
18.1156 	8
18.1236 	8
18.1316 	4
18.1396 	5
18.1476 	6
18.1556 	14
18.1636 	5
18.1716 	8
18.1796 	5
18.1876 	11
18.1956 	11
18.2036 	12
18.2116 	6
18.2196 	9
18.2276 	5
18.2356 	20
18.2436 	11
18.2516 	7
18.2596 	4
18.2676 	4
18.2756 	7
18.2836 	3
18.2916 	12
18.2996 	9
18.3076 	11
18.3156 	9
18.3236 	7
18.3316 	7
18.3396 	10
18.3476 	10
18.3556 	11
18.3636 	11
18.3716 	8
18.3796 	25
18.3876 	15
18.3956 	17
18.4036 	10
18.4116 	9
18.4196 	10
18.4276 	10
18.4356 	18
18.4436 	13
18.4516 	11
18.4596 	9
18.4676 	10
18.4756 	8
18.4836 	9
18.4916 	11
18.4996 	6
18.5076 	11
18.5156 	7
18.5236 	12
18.5316 	8
18.5396 	4
18.5476 	6
18.5556 	5
18.5636 	9
18.5716 	6
18.5796 	4
18.5876 	8
18.5956 	9
18.6036 	7
18.6116 	10
18.6196 	8
18.6276 	4
18.6356 	5
18.6436 	7
18.6516 	8
18.6596 	10
18.6676 	9
18.6756 	10
18.6836 	7
18.6916 	5
18.6996 	10
18.7076 	4
18.7156 	12
18.7236 	9
18.7316 	4
18.7396 	9
18.7476 	9
18.7556 	15
18.7636 	15
18.7716 	11
18.7796 	14
18.7876 	6
18.7956 	11
18.8036 	8
18.8116 	13
18.8196 	8
18.8276 	10
18.8356 	9
18.8436 	7
18.8516 	10
18.8596 	8
18.8676 	9
18.8756 	8
18.8836 	10
18.8916 	12
18.8996 	18
18.9076 	16
18.9156 	14
18.9236 	8
18.9316 	6
18.9396 	8
18.9476 	3
18.9556 	8
18.9636 	16
18.9716 	15
18.9796 	11
18.9876 	4
18.9956 	5
19.0036 	7
19.0116 	8
19.0196 	15
19.0276 	17
19.0356 	5
19.0436 	5
19.0516 	5
19.0596 	11
19.0676 	6
19.0756 	8
19.0836 	10
19.0916 	3
19.0996 	7
19.1076 	10
19.1156 	12
19.1236 	13
19.1316 	16
19.1396 	6
19.1476 	9
19.1556 	12
19.1636 	11
19.1716 	9
19.1796 	8
19.1876 	18
19.1956 	8
19.2036 	10
19.2116 	9
19.2196 	21
19.2276 	9
19.2356 	10
19.2436 	13
19.2516 	10
19.2596 	12
19.2676 	7
19.2756 	9
19.2836 	9
19.2916 	3
19.2996 	10
19.3076 	9
19.3156 	8
19.3236 	4
19.3316 	4
19.3396 	3
19.3476 	11
19.3556 	17
19.3636 	13
19.3716 	6
19.3796 	5
19.3876 	9
19.3956 	7
19.4036 	9
19.4116 	8
19.4196 	4
19.4276 	8
19.4356 	9
19.4436 	4
19.4516 	9
19.4596 	9
19.4676 	6
19.4756 	8
19.4836 	6
19.4916 	7
19.4996 	13
19.5076 	9
19.5156 	8
19.5236 	10
19.5316 	13
19.5396 	18
19.5476 	7
19.5556 	15
19.5636 	7
19.5716 	5
19.5796 	8
19.5876 	9
19.5956 	16
19.6036 	14
19.6116 	9
19.6196 	4
19.6276 	10
19.6356 	10
19.6436 	11
19.6516 	14
19.6596 	9
19.6676 	7
19.6756 	11
19.6836 	12
19.6916 	12
19.6996 	5
19.7076 	8
19.7156 	14
19.7236 	7
19.7316 	9
19.7396 	6
19.7476 	16
19.7556 	8
19.7636 	7
19.7716 	8
19.7796 	13
19.7876 	6
19.7956 	8
19.8036 	8
19.8116 	11
19.8196 	9
19.8276 	5
19.8356 	2
19.8436 	7
19.8516 	6
19.8596 	8
19.8676 	9
19.8756 	9
19.8836 	10
19.8916 	5
19.8996 	11
19.9076 	10
19.9156 	9
19.9236 	9
19.9316 	7
19.9396 	6
19.9476 	3
19.9556 	6
19.9636 	11
19.9716 	9
19.9796 	7
19.9876 	11
19.9956 	6
20.0036 	9
20.0116 	3
