0.0009 	0
0.0029 	0
0.0049 	0
0.0069 	0
0.0089 	0
0.0109 	0
0.0129 	0
0.0149 	0
0.0169 	2
0.0189 	4
0.0209 	3
0.0229 	5
0.0249 	2
0.0269 	3
0.0289 	0
0.0309 	3
0.0329 	1
0.0349 	0
0.0369 	0
0.0389 	0
0.0409 	0
0.0429 	0
0.0449 	0
0.0469 	0
0.0489 	0
0.0509 	0
0.0529 	0
0.0549 	0
0.0569 	0
0.0589 	0
0.0609 	1
0.0629 	0
0.0649 	1
0.0669 	0
0.0689 	0
0.0709 	0
0.0729 	0
0.0749 	0
0.0769 	0
0.0789 	0
0.0809 	0
0.0829 	0
0.0849 	0
0.0869 	0
0.0889 	0
0.0909 	0
0.0929 	0
0.0949 	0
0.0969 	0
0.0989 	0
0.1009 	0
0.1029 	0
0.1049 	0
0.1069 	0
0.1089 	0
0.1109 	0
0.1129 	0
0.1149 	0
0.1169 	0
0.1189 	0
0.1209 	0
0.1229 	0
0.1249 	2
0.1269 	0
0.1289 	0
0.1309 	1
0.1329 	1
0.1349 	0
0.1369 	0
0.1389 	0
0.1409 	0
0.1429 	0
0.1449 	0
0.1469 	0
0.1489 	0
0.1509 	0
0.1529 	0
0.1549 	0
0.1569 	0
0.1589 	0
0.1609 	0
0.1629 	0
0.1649 	0
0.1669 	0
0.1689 	0
0.1709 	0
0.1729 	0
0.1749 	0
0.1769 	0
0.1789 	0
0.1809 	0
0.1829 	0
0.1849 	0
0.1869 	0
0.1889 	0
0.1909 	0
0.1929 	0
0.1949 	0
0.1969 	0
0.1989 	0
0.2009 	0
0.2029 	0
0.2049 	0
0.2069 	0
0.2089 	0
0.2109 	0
0.2129 	0
0.2149 	0
0.2169 	0
0.2189 	0
0.2209 	0
0.2229 	0
0.2249 	0
0.2269 	0
0.2289 	0
0.2309 	0
0.2329 	0
0.2349 	0
0.2369 	0
0.2389 	0
0.2409 	0
0.2429 	0
0.2449 	0
0.2469 	0
0.2489 	0
0.2509 	0
0.2529 	0
0.2549 	0
0.2569 	0
0.2589 	0
0.2609 	0
0.2629 	0
0.2649 	0
0.2669 	0
0.2689 	0
0.2709 	0
0.2729 	0
0.2749 	0
0.2769 	0
0.2789 	0
0.2809 	0
0.2829 	0
0.2849 	0
0.2869 	2
0.2889 	2
0.2909 	1
0.2929 	0
0.2949 	0
0.2969 	1
0.2989 	0
0.3009 	0
0.3029 	0
0.3049 	0
0.3069 	0
0.3089 	0
0.3109 	0
0.3129 	0
0.3149 	0
0.3169 	0
0.3189 	0
0.3209 	0
0.3229 	0
0.3249 	0
0.3269 	0
0.3289 	0
0.3309 	0
0.3329 	0
0.3349 	0
0.3369 	0
0.3389 	0
0.3409 	0
0.3429 	0
0.3449 	0
0.3469 	1
0.3489 	0
0.3509 	0
0.3529 	0
0.3549 	0
0.3569 	0
0.3589 	0
0.3609 	0
0.3629 	0
0.3649 	0
0.3669 	0
0.3689 	2
0.3709 	1
0.3729 	0
0.3749 	1
0.3769 	2
0.3789 	3
0.3809 	2
0.3829 	1
0.3849 	0
0.3869 	0
0.3889 	0
0.3909 	0
0.3929 	0
0.3949 	1
0.3969 	2
0.3989 	3
0.4009 	2
0.4029 	1
0.4049 	0
0.4069 	0
0.4089 	0
0.4109 	0
0.4129 	1
0.4149 	1
0.4169 	0
0.4189 	0
0.4209 	0
0.4229 	0
0.4249 	0
0.4269 	0
0.4289 	0
0.4309 	0
0.4329 	0
0.4349 	0
0.4369 	0
0.4389 	0
0.4409 	0
0.4429 	0
0.4449 	2
0.4469 	5
0.4489 	2
0.4509 	1
0.4529 	0
0.4549 	0
0.4569 	0
0.4589 	0
0.4609 	0
0.4629 	0
0.4649 	0
0.4669 	0
0.4689 	0
0.4709 	0
0.4729 	0
0.4749 	0
0.4769 	0
0.4789 	0
0.4809 	0
0.4829 	0
0.4849 	0
0.4869 	0
0.4889 	0
0.4909 	0
0.4929 	0
0.4949 	0
0.4969 	0
0.4989 	0
0.5009 	1
0.5029 	2
0.5049 	3
0.5069 	0
0.5089 	0
0.5109 	0
0.5129 	0
0.5149 	0
0.5169 	0
0.5189 	0
0.5209 	0
0.5229 	0
0.5249 	0
0.5269 	0
0.5289 	0
0.5309 	0
0.5329 	0
0.5349 	0
0.5369 	0
0.5389 	0
0.5409 	2
0.5429 	2
0.5449 	2
0.5469 	2
0.5489 	1
0.5509 	0
0.5529 	0
0.5549 	1
0.5569 	1
0.5589 	4
0.5609 	46
0.5629 	194
0.5649 	533
0.5669 	1189
0.5689 	2135
0.5709 	3185
0.5729 	4409
0.5749 	6504
0.5769 	13702
0.5789 	24001
0.5809 	13724
0.5829 	4592
0.5849 	1455
0.5869 	474
0.5889 	179
0.5909 	156
0.5929 	248
0.5949 	674
0.5969 	1920
0.5989 	4573
0.6009 	8638
0.6029 	12325
0.6049 	14166
0.6069 	14479
0.6089 	12284
0.6109 	8420
0.6129 	4141
0.6149 	1304
0.6169 	257
0.6189 	71
0.6209 	13
0.6229 	5
0.6249 	1
0.6269 	2
0.6289 	0
0.6309 	3
0.6329 	11
0.6349 	58
0.6369 	238
0.6389 	1052
0.6409 	1438
0.6429 	701
0.6449 	257
0.6469 	147
0.6489 	83
0.6509 	53
0.6529 	23
0.6549 	11
0.6569 	5
0.6589 	13
0.6609 	7
0.6629 	7
0.6649 	9
0.6669 	7
0.6689 	6
0.6709 	2
0.6729 	11
0.6749 	14
0.6769 	6
0.6789 	10
0.6809 	9
0.6829 	17
0.6849 	18
0.6869 	26
0.6889 	36
0.6909 	128
0.6929 	487
0.6949 	1561
0.6969 	2815
0.6989 	3787
0.7009 	4298
0.7029 	4788
0.7049 	5474
0.7069 	5558
0.7089 	5105
0.7109 	3957
0.7129 	2635
0.7149 	1477
0.7169 	769
0.7189 	407
0.7209 	248
0.7229 	108
0.7249 	57
0.7269 	37
0.7289 	15
0.7309 	7
0.7329 	4
0.7349 	6
0.7369 	3
0.7389 	4
0.7409 	2
0.7429 	8
0.7449 	0
0.7469 	3
0.7489 	3
0.7509 	7
0.7529 	7
0.7549 	10
0.7569 	13
0.7589 	9
0.7609 	6
0.7629 	10
0.7649 	15
0.7669 	16
0.7689 	2
0.7709 	6
0.7729 	11
0.7749 	12
0.7769 	14
0.7789 	10
0.7809 	22
0.7829 	32
0.7849 	38
0.7869 	62
0.7889 	82
0.7909 	119
0.7929 	168
0.7949 	176
0.7969 	137
0.7989 	130
0.8009 	66
0.8029 	27
0.8049 	20
0.8069 	11
0.8089 	5
0.8109 	1
0.8129 	6
0.8149 	14
0.8169 	13
0.8189 	10
0.8209 	10
0.8229 	19
0.8249 	11
0.8269 	15
0.8289 	21
0.8309 	49
0.8329 	51
0.8349 	44
0.8369 	36
0.8389 	48
0.8409 	63
0.8429 	65
0.8449 	89
0.8469 	88
0.8489 	91
0.8509 	91
0.8529 	93
0.8549 	106
0.8569 	114
0.8589 	104
0.8609 	106
0.8629 	106
0.8649 	83
0.8669 	89
0.8689 	99
0.8709 	75
0.8729 	73
0.8749 	80
0.8769 	92
0.8789 	93
0.8809 	99
0.8829 	109
0.8849 	115
0.8869 	121
0.8889 	113
0.8909 	112
0.8929 	84
0.8949 	56
0.8969 	47
0.8989 	32
0.9009 	15
0.9029 	12
0.9049 	3
0.9069 	5
0.9089 	9
0.9109 	9
0.9129 	10
0.9149 	5
0.9169 	6
0.9189 	5
0.9209 	3
0.9229 	5
0.9249 	9
0.9269 	9
0.9289 	5
0.9309 	11
0.9329 	9
0.9349 	13
0.9369 	40
0.9389 	29
0.9409 	40
0.9429 	50
0.9449 	70
0.9469 	74
0.9489 	110
0.9509 	125
0.9529 	172
0.9549 	248
0.9569 	241
0.9589 	303
0.9609 	390
0.9629 	378
0.9649 	446
0.9669 	549
0.9689 	627
0.9709 	607
0.9729 	663
0.9749 	639
0.9769 	710
0.9789 	748
0.9809 	801
0.9829 	759
0.9849 	834
0.9869 	861
0.9889 	888
0.9909 	857
0.9929 	917
0.9949 	949
0.9969 	1008
0.9989 	1016
1.0009 	1000
1.0029 	1036
1.0049 	978
1.0069 	1019
1.0089 	1049
1.0109 	1063
1.0129 	1065
1.0149 	1059
1.0169 	987
1.0189 	918
1.0209 	769
1.0229 	644
1.0249 	538
1.0269 	437
1.0289 	362
1.0309 	266
1.0329 	180
1.0349 	124
1.0369 	82
1.0389 	55
1.0409 	52
1.0429 	45
1.0449 	45
1.0469 	23
1.0489 	28
1.0509 	29
1.0529 	25
1.0549 	20
1.0569 	18
1.0589 	31
1.0609 	28
1.0629 	23
1.0649 	12
1.0669 	17
1.0689 	19
1.0709 	32
1.0729 	34
1.0749 	25
1.0769 	30
1.0789 	26
1.0809 	25
1.0829 	33
1.0849 	38
1.0869 	30
1.0889 	32
1.0909 	44
1.0929 	36
1.0949 	22
1.0969 	35
1.0989 	45
1.1009 	37
1.1029 	49
1.1049 	45
1.1069 	42
1.1089 	44
1.1109 	53
1.1129 	60
1.1149 	38
1.1169 	24
1.1189 	21
1.1209 	43
1.1229 	43
1.1249 	40
1.1269 	38
1.1289 	46
1.1309 	32
1.1329 	29
1.1349 	23
1.1369 	33
1.1389 	44
1.1409 	49
1.1429 	27
1.1449 	26
1.1469 	23
1.1489 	17
1.1509 	31
1.1529 	28
1.1549 	25
1.1569 	9
1.1589 	12
1.1609 	20
1.1629 	16
1.1649 	28
1.1669 	21
1.1689 	19
1.1709 	34
1.1729 	27
1.1749 	20
1.1769 	33
1.1789 	27
1.1809 	31
1.1829 	38
1.1849 	30
1.1869 	43
1.1889 	27
1.1909 	27
1.1929 	35
1.1949 	39
1.1969 	44
1.1989 	31
1.2009 	31
1.2029 	31
1.2049 	29
1.2069 	40
1.2089 	26
1.2109 	47
1.2129 	43
1.2149 	51
1.2169 	54
1.2189 	58
1.2209 	48
1.2229 	45
1.2249 	77
1.2269 	95
1.2289 	86
1.2309 	91
1.2329 	92
1.2349 	147
1.2369 	192
1.2389 	229
1.2409 	276
1.2429 	313
1.2449 	351
1.2469 	425
1.2489 	540
1.2509 	674
1.2529 	754
1.2549 	1006
1.2569 	1201
1.2589 	1570
1.2609 	1806
1.2629 	2119
1.2649 	2560
1.2669 	3099
1.2689 	3589
1.2709 	3933
1.2729 	4241
1.2749 	4289
1.2769 	4119
1.2789 	3973
1.2809 	3775
1.2829 	3758
1.2849 	3568
1.2869 	3256
1.2889 	2994
1.2909 	2835
1.2929 	2693
1.2949 	2724
1.2969 	2698
1.2989 	2696
1.3009 	2621
1.3029 	2607
1.3049 	2926
1.3069 	3527
1.3089 	4270
1.3109 	4760
1.3129 	4563
1.3149 	3943
1.3169 	3427
1.3189 	2726
1.3209 	2623
1.3229 	2359
1.3249 	2020
1.3269 	1872
1.3289 	1673
1.3309 	1578
1.3329 	1605
1.3349 	1836
1.3369 	1909
1.3389 	2042
1.3409 	2438
1.3429 	5016
1.3449 	19235
1.3469 	35333
1.3489 	24125
1.3509 	16584
1.3529 	15734
1.3549 	16181
1.3569 	14245
1.3589 	11308
1.3609 	9786
1.3629 	9600
1.3649 	9545
1.3669 	10628
1.3689 	11878
1.3709 	12479
1.3729 	11611
1.3749 	10344
1.3769 	9550
1.3789 	17742
1.3809 	45713
1.3829 	392
1.3849 	0
1.3869 	0
1.3889 	0
1.3909 	0
1.3929 	0
1.3949 	19
1.3969 	223
1.3989 	1071
1.4009 	2164
1.4029 	4892
1.4049 	10955
1.4069 	20151
1.4089 	21458
1.4109 	10743
1.4129 	2845
1.4149 	42673
1.4169 	18063
1.4189 	0
1.4209 	0
1.4229 	0
1.4249 	0
1.4269 	0
1.4289 	0
1.4309 	0
1.4329 	0
1.4349 	0
1.4369 	0
1.4389 	0
1.4409 	0
1.4429 	3
1.4449 	1118
1.4469 	18560
1.4489 	4259
1.4509 	151
1.4529 	16
1.4549 	2
1.4569 	0
1.4589 	0
1.4609 	0
1.4629 	0
1.4649 	0
1.4669 	0
1.4689 	9
1.4709 	17568
1.4729 	56138
1.4749 	4696
1.4769 	13334
1.4789 	20552
1.4809 	482
1.4829 	9
1.4849 	0
1.4869 	1
1.4889 	3
1.4909 	15
1.4929 	104
1.4949 	150
1.4969 	64
1.4989 	19
1.5009 	1
1.5029 	3
1.5049 	1
1.5069 	2
1.5089 	3
1.5109 	34
1.5129 	798
1.5149 	1821
1.5169 	343
1.5189 	10
1.5209 	1
1.5229 	0
1.5249 	0
1.5269 	3
1.5289 	9
1.5309 	17
1.5329 	39
1.5349 	27
1.5369 	11
1.5389 	10
1.5409 	13
1.5429 	1
1.5449 	12
1.5469 	8
1.5489 	9
1.5509 	8
1.5529 	13
1.5549 	25
1.5569 	45
1.5589 	44
1.5609 	20
1.5629 	10
1.5649 	4
1.5669 	6
1.5689 	7
1.5709 	9
1.5729 	4
1.5749 	4
1.5769 	0
1.5789 	2
1.5809 	0
1.5829 	0
1.5849 	0
1.5869 	0
1.5889 	0
1.5909 	0
1.5929 	4
1.5949 	5
1.5969 	10
1.5989 	19
1.6009 	18
1.6029 	21
1.6049 	9
1.6069 	4
1.6089 	0
1.6109 	4
1.6129 	3
1.6149 	6
1.6169 	5
1.6189 	4
1.6209 	0
1.6229 	2
1.6249 	2
1.6269 	0
1.6289 	1
1.6309 	2
1.6329 	3
1.6349 	0
1.6369 	1
1.6389 	1
1.6409 	1
1.6429 	0
1.6449 	0
1.6469 	0
1.6489 	0
1.6509 	0
1.6529 	7
1.6549 	24
1.6569 	25
1.6589 	19
1.6609 	17
1.6629 	15
1.6649 	27
1.6669 	28
1.6689 	31
1.6709 	30
1.6729 	21
1.6749 	10
1.6769 	16
1.6789 	18
1.6809 	12
1.6829 	20
1.6849 	26
1.6869 	47
1.6889 	55
1.6909 	61
1.6929 	88
1.6949 	83
1.6969 	77
1.6989 	62
1.7009 	45
1.7029 	35
1.7049 	40
1.7069 	35
1.7089 	61
1.7109 	82
1.7129 	126
1.7149 	110
1.7169 	141
1.7189 	174
1.7209 	244
1.7229 	306
1.7249 	354
1.7269 	457
1.7289 	476
1.7309 	537
1.7329 	615
1.7349 	608
1.7369 	578
1.7389 	535
1.7409 	592
1.7429 	650
1.7449 	929
1.7469 	1748
1.7489 	3920
1.7509 	7957
1.7529 	11483
1.7549 	13470
1.7569 	12542
1.7589 	10317
1.7609 	7747
1.7629 	5207
1.7649 	3233
1.7669 	1887
1.7689 	1039
1.7709 	643
1.7729 	368
1.7749 	251
1.7769 	184
1.7789 	136
1.7809 	114
1.7829 	99
1.7849 	89
1.7869 	71
1.7889 	60
1.7909 	68
1.7929 	46
1.7949 	30
1.7969 	25
1.7989 	29
1.8009 	24
1.8029 	36
1.8049 	30
1.8069 	46
1.8089 	41
1.8109 	44
1.8129 	42
1.8149 	44
1.8169 	48
1.8189 	32
1.8209 	26
1.8229 	15
1.8249 	18
1.8269 	9
1.8289 	10
1.8309 	11
1.8329 	13
1.8349 	7
1.8369 	3
1.8389 	8
1.8409 	15
1.8429 	15
1.8449 	10
1.8469 	7
1.8489 	5
1.8509 	6
1.8529 	4
1.8549 	8
1.8569 	8
1.8589 	4
1.8609 	1
1.8629 	4
1.8649 	4
1.8669 	3
1.8689 	0
1.8709 	6
1.8729 	10
1.8749 	11
1.8769 	12
1.8789 	12
1.8809 	5
1.8829 	6
1.8849 	10
1.8869 	6
1.8889 	11
1.8909 	7
1.8929 	7
1.8949 	6
1.8969 	2
1.8989 	7
1.9009 	6
1.9029 	3
1.9049 	3
1.9069 	10
1.9089 	6
1.9109 	4
1.9129 	10
1.9149 	11
1.9169 	3
1.9189 	9
1.9209 	5
1.9229 	7
1.9249 	8
1.9269 	11
1.9289 	7
1.9309 	4
1.9329 	8
1.9349 	21
1.9369 	12
1.9389 	10
1.9409 	10
1.9429 	10
1.9449 	5
1.9469 	5
1.9489 	3
1.9509 	7
1.9529 	4
1.9549 	6
1.9569 	6
1.9589 	5
1.9609 	10
1.9629 	7
1.9649 	5
1.9669 	1
1.9689 	4
1.9709 	6
1.9729 	10
1.9749 	7
1.9769 	6
1.9789 	5
1.9809 	7
1.9829 	5
1.9849 	9
1.9869 	28
1.9889 	29
1.9909 	33
1.9929 	32
1.9949 	36
1.9969 	39
1.9989 	27
2.0009 	33
2.0029 	48
2.0049 	55
2.0069 	53
2.0089 	61
2.0109 	62
2.0129 	77
2.0149 	85
2.0169 	93
2.0189 	72
2.0209 	79
2.0229 	66
2.0249 	78
2.0269 	90
2.0289 	125
2.0309 	149
2.0329 	202
2.0349 	324
2.0369 	536
2.0389 	1033
2.0409 	1781
2.0429 	2975
2.0449 	4084
2.0469 	4926
2.0489 	4948
2.0509 	4509
2.0529 	3757
2.0549 	2886
2.0569 	2041
2.0589 	1396
2.0609 	885
2.0629 	569
2.0649 	319
2.0669 	182
2.0689 	117
2.0709 	76
2.0729 	42
2.0749 	34
2.0769 	22
2.0789 	38
2.0809 	44
2.0829 	93
2.0849 	171
2.0869 	338
2.0889 	463
2.0909 	704
2.0929 	799
2.0949 	894
2.0969 	803
2.0989 	653
2.1009 	562
2.1029 	501
2.1049 	539
2.1069 	769
2.1089 	936
2.1109 	773
2.1129 	476
2.1149 	354
2.1169 	282
2.1189 	347
2.1209 	422
2.1229 	553
2.1249 	674
2.1269 	935
2.1289 	1422
2.1309 	1682
2.1329 	1477
2.1349 	1170
2.1369 	953
2.1389 	844
2.1409 	838
2.1429 	886
2.1449 	783
2.1469 	620
2.1489 	454
2.1509 	267
2.1529 	143
2.1549 	71
2.1569 	36
2.1589 	19
2.1609 	7
2.1629 	5
2.1649 	7
2.1669 	0
2.1689 	0
2.1709 	0
2.1729 	1
2.1749 	1
2.1769 	0
2.1789 	3
2.1809 	3
2.1829 	4
2.1849 	4
2.1869 	0
2.1889 	0
2.1909 	3
2.1929 	2
2.1949 	1
2.1969 	0
2.1989 	0
2.2009 	0
2.2029 	0
2.2049 	0
2.2069 	0
2.2089 	0
2.2109 	0
2.2129 	2
2.2149 	2
2.2169 	3
2.2189 	3
2.2209 	3
2.2229 	2
2.2249 	3
2.2269 	2
2.2289 	2
2.2309 	0
2.2329 	1
2.2349 	0
2.2369 	1
2.2389 	0
2.2409 	0
2.2429 	1
2.2449 	1
2.2469 	0
2.2489 	0
2.2509 	0
2.2529 	0
2.2549 	0
2.2569 	0
2.2589 	2
2.2609 	7
2.2629 	4
2.2649 	1
2.2669 	1
2.2689 	4
2.2709 	3
2.2729 	2
2.2749 	1
2.2769 	3
2.2789 	3
2.2809 	8
2.2829 	3
2.2849 	1
2.2869 	1
2.2889 	0
2.2909 	1
2.2929 	2
2.2949 	3
2.2969 	6
2.2989 	2
2.3009 	0
2.3029 	1
2.3049 	0
2.3069 	0
2.3089 	0
2.3109 	0
2.3129 	1
2.3149 	0
2.3169 	2
2.3189 	0
2.3209 	0
2.3229 	1
2.3249 	0
2.3269 	1
2.3289 	0
2.3309 	0
2.3329 	2
2.3349 	3
2.3369 	1
2.3389 	0
2.3409 	0
2.3429 	0
2.3449 	0
2.3469 	0
2.3489 	0
2.3509 	0
2.3529 	1
2.3549 	0
2.3569 	0
2.3589 	1
2.3609 	0
2.3629 	0
2.3649 	0
2.3669 	3
2.3689 	1
2.3709 	0
2.3729 	0
2.3749 	1
2.3769 	1
2.3789 	0
2.3809 	6
2.3829 	4
2.3849 	2
2.3869 	3
2.3889 	2
2.3909 	0
2.3929 	1
2.3949 	2
2.3969 	3
2.3989 	2
2.4009 	0
2.4029 	0
2.4049 	0
2.4069 	2
2.4089 	2
2.4109 	1
2.4129 	0
2.4149 	0
2.4169 	0
2.4189 	3
2.4209 	0
2.4229 	1
2.4249 	3
2.4269 	5
2.4289 	0
2.4309 	3
2.4329 	3
2.4349 	2
2.4369 	3
2.4389 	9
2.4409 	19
2.4429 	17
2.4449 	13
2.4469 	16
2.4489 	6
2.4509 	5
2.4529 	0
2.4549 	5
2.4569 	3
2.4589 	0
2.4609 	2
2.4629 	1
2.4649 	3
2.4669 	0
2.4689 	0
2.4709 	2
2.4729 	3
2.4749 	3
2.4769 	2
2.4789 	0
2.4809 	0
2.4829 	1
2.4849 	3
2.4869 	3
2.4889 	2
2.4909 	2
2.4929 	2
2.4949 	3
2.4969 	1
2.4989 	1
2.5009 	1
2.5029 	2
2.5049 	1
2.5069 	0
2.5089 	1
2.5109 	3
2.5129 	6
2.5149 	2
2.5169 	2
2.5189 	1
2.5209 	1
2.5229 	0
2.5249 	1
2.5269 	1
2.5289 	3
2.5309 	3
2.5329 	4
2.5349 	1
2.5369 	1
2.5389 	4
2.5409 	0
2.5429 	1
2.5449 	0
2.5469 	3
2.5489 	0
2.5509 	3
2.5529 	0
2.5549 	2
2.5569 	4
2.5589 	0
2.5609 	0
2.5629 	1
2.5649 	3
2.5669 	3
2.5689 	0
2.5709 	3
2.5729 	0
2.5749 	0
2.5769 	1
2.5789 	1
2.5809 	1
2.5829 	1
2.5849 	0
2.5869 	0
2.5889 	0
2.5909 	1
2.5929 	0
2.5949 	0
2.5969 	2
2.5989 	1
2.6009 	0
2.6029 	3
2.6049 	1
2.6069 	3
2.6089 	0
2.6109 	0
2.6129 	0
2.6149 	0
2.6169 	0
2.6189 	0
2.6209 	1
2.6229 	3
2.6249 	2
2.6269 	3
2.6289 	3
2.6309 	6
2.6329 	3
2.6349 	2
2.6369 	0
2.6389 	0
2.6409 	0
2.6429 	1
2.6449 	3
2.6469 	2
2.6489 	0
2.6509 	0
2.6529 	4
2.6549 	2
2.6569 	2
2.6589 	1
2.6609 	2
2.6629 	1
2.6649 	0
2.6669 	2
2.6689 	1
2.6709 	0
2.6729 	1
2.6749 	1
2.6769 	0
2.6789 	1
2.6809 	0
2.6829 	0
2.6849 	0
2.6869 	1
2.6889 	0
2.6909 	0
2.6929 	5
2.6949 	5
2.6969 	2
2.6989 	0
2.7009 	0
2.7029 	0
2.7049 	1
2.7069 	0
2.7089 	0
2.7109 	2
2.7129 	0
2.7149 	0
2.7169 	0
2.7189 	0
2.7209 	2
2.7229 	3
2.7249 	0
2.7269 	0
2.7289 	3
2.7309 	2
2.7329 	0
2.7349 	0
2.7369 	0
2.7389 	0
2.7409 	1
2.7429 	5
2.7449 	2
2.7469 	1
2.7489 	2
2.7509 	0
2.7529 	0
2.7549 	0
2.7569 	0
2.7589 	2
2.7609 	1
2.7629 	0
2.7649 	0
2.7669 	2
2.7689 	2
2.7709 	1
2.7729 	0
2.7749 	0
2.7769 	1
2.7789 	3
2.7809 	1
2.7829 	0
2.7849 	0
2.7869 	0
2.7889 	0
2.7909 	0
2.7929 	1
2.7949 	0
2.7969 	0
2.7989 	0
2.8009 	3
2.8029 	1
2.8049 	1
2.8069 	0
2.8089 	4
2.8109 	2
2.8129 	1
2.8149 	0
2.8169 	1
2.8189 	2
2.8209 	1
2.8229 	0
2.8249 	1
2.8269 	5
2.8289 	1
2.8309 	1
2.8329 	4
2.8349 	2
2.8369 	0
2.8389 	0
2.8409 	1
2.8429 	3
2.8449 	1
2.8469 	2
2.8489 	0
2.8509 	0
2.8529 	0
2.8549 	4
2.8569 	1
2.8589 	2
2.8609 	0
2.8629 	0
2.8649 	0
2.8669 	0
2.8689 	0
2.8709 	0
2.8729 	0
2.8749 	0
2.8769 	0
2.8789 	2
2.8809 	1
2.8829 	1
2.8849 	2
2.8869 	4
2.8889 	6
2.8909 	1
2.8929 	2
2.8949 	0
2.8969 	0
2.8989 	2
2.9009 	3
2.9029 	3
2.9049 	1
2.9069 	0
2.9089 	0
2.9109 	0
2.9129 	0
2.9149 	3
2.9169 	4
2.9189 	1
2.9209 	0
2.9229 	0
2.9249 	0
2.9269 	0
2.9289 	0
2.9309 	0
2.9329 	0
2.9349 	1
2.9369 	0
2.9389 	1
2.9409 	3
2.9429 	3
2.9449 	2
2.9469 	0
2.9489 	0
2.9509 	0
2.9529 	1
2.9549 	1
2.9569 	0
2.9589 	0
2.9609 	1
2.9629 	0
2.9649 	1
2.9669 	1
2.9689 	0
2.9709 	2
2.9729 	0
2.9749 	0
2.9769 	0
2.9789 	0
2.9809 	1
2.9829 	0
2.9849 	2
2.9869 	0
2.9889 	0
2.9909 	0
2.9929 	1
2.9949 	0
2.9969 	2
2.9989 	1
3.0009 	0
3.0029 	0
3.0049 	0
3.0069 	0
3.0089 	0
3.0109 	0
3.0129 	1
3.0149 	2
3.0169 	0
3.0189 	0
3.0209 	1
3.0229 	0
3.0249 	0
3.0269 	0
3.0289 	0
3.0309 	0
3.0329 	0
3.0349 	0
3.0369 	0
3.0389 	0
3.0409 	0
3.0429 	0
3.0449 	0
3.0469 	0
3.0489 	1
3.0509 	0
3.0529 	0
3.0549 	0
3.0569 	0
3.0589 	0
3.0609 	0
3.0629 	0
3.0649 	0
3.0669 	0
3.0689 	1
3.0709 	3
3.0729 	1
3.0749 	0
3.0769 	0
3.0789 	1
3.0809 	5
3.0829 	4
3.0849 	0
3.0869 	0
3.0889 	0
3.0909 	0
3.0929 	0
3.0949 	1
3.0969 	1
3.0989 	0
3.1009 	0
3.1029 	0
3.1049 	0
3.1069 	0
3.1089 	0
3.1109 	0
3.1129 	0
3.1149 	1
3.1169 	3
3.1189 	1
3.1209 	0
3.1229 	0
3.1249 	0
3.1269 	0
3.1289 	0
3.1309 	0
3.1329 	0
3.1349 	0
3.1369 	0
3.1389 	0
3.1409 	0
3.1429 	0
3.1449 	0
3.1469 	0
3.1489 	0
3.1509 	0
3.1529 	0
3.1549 	0
3.1569 	0
3.1589 	0
3.1609 	2
3.1629 	1
3.1649 	0
3.1669 	0
3.1689 	0
3.1709 	0
3.1729 	0
3.1749 	0
3.1769 	0
3.1789 	0
3.1809 	0
3.1829 	0
3.1849 	2
3.1869 	1
3.1889 	1
3.1909 	0
3.1929 	0
3.1949 	2
3.1969 	1
3.1989 	0
3.2009 	0
3.2029 	0
3.2049 	0
3.2069 	0
3.2089 	0
3.2109 	0
3.2129 	0
3.2149 	0
3.2169 	0
3.2189 	0
3.2209 	2
3.2229 	0
3.2249 	0
3.2269 	0
3.2289 	0
3.2309 	0
3.2329 	0
3.2349 	0
3.2369 	0
3.2389 	0
3.2409 	0
3.2429 	4
3.2449 	2
3.2469 	1
3.2489 	0
3.2509 	0
3.2529 	0
3.2549 	0
3.2569 	0
3.2589 	0
3.2609 	0
3.2629 	0
3.2649 	0
3.2669 	0
3.2689 	0
3.2709 	3
3.2729 	2
3.2749 	0
3.2769 	0
3.2789 	2
3.2809 	1
3.2829 	0
3.2849 	0
3.2869 	0
3.2889 	4
3.2909 	2
3.2929 	0
3.2949 	0
3.2969 	3
3.2989 	3
3.3009 	2
3.3029 	2
3.3049 	2
3.3069 	0
3.3089 	0
3.3109 	0
3.3129 	0
3.3149 	0
3.3169 	2
3.3189 	1
3.3209 	0
3.3229 	0
3.3249 	0
3.3269 	0
3.3289 	0
3.3309 	0
3.3329 	0
3.3349 	0
3.3369 	0
3.3389 	0
3.3409 	0
3.3429 	0
3.3449 	0
3.3469 	0
3.3489 	4
3.3509 	3
3.3529 	3
3.3549 	0
3.3569 	0
3.3589 	2
3.3609 	0
3.3629 	0
3.3649 	0
3.3669 	0
3.3689 	0
3.3709 	0
3.3729 	0
3.3749 	0
3.3769 	0
3.3789 	0
3.3809 	0
3.3829 	0
3.3849 	0
3.3869 	0
3.3889 	0
3.3909 	0
3.3929 	0
3.3949 	0
3.3969 	0
3.3989 	0
3.4009 	0
3.4029 	0
3.4049 	0
3.4069 	0
3.4089 	0
3.4109 	0
3.4129 	0
3.4149 	0
3.4169 	0
3.4189 	0
3.4209 	2
3.4229 	0
3.4249 	0
3.4269 	0
3.4289 	0
3.4309 	0
3.4329 	0
3.4349 	0
3.4369 	2
3.4389 	2
3.4409 	0
3.4429 	0
3.4449 	1
3.4469 	0
3.4489 	0
3.4509 	0
3.4529 	0
3.4549 	0
3.4569 	2
3.4589 	0
3.4609 	1
3.4629 	2
3.4649 	2
3.4669 	1
3.4689 	0
3.4709 	0
3.4729 	0
3.4749 	2
3.4769 	0
3.4789 	0
3.4809 	1
3.4829 	2
3.4849 	3
3.4869 	0
3.4889 	0
3.4909 	1
3.4929 	0
3.4949 	1
3.4969 	0
3.4989 	1
3.5009 	1
3.5029 	0
3.5049 	0
3.5069 	0
3.5089 	1
3.5109 	2
3.5129 	0
3.5149 	0
3.5169 	0
3.5189 	0
3.5209 	0
3.5229 	0
3.5249 	0
3.5269 	0
3.5289 	1
3.5309 	0
3.5329 	0
3.5349 	0
3.5369 	0
3.5389 	0
3.5409 	0
3.5429 	0
3.5449 	0
3.5469 	0
3.5489 	0
3.5509 	0
3.5529 	0
3.5549 	0
3.5569 	0
3.5589 	0
3.5609 	0
3.5629 	3
3.5649 	2
3.5669 	3
3.5689 	2
3.5709 	0
3.5729 	0
3.5749 	0
3.5769 	0
3.5789 	0
3.5809 	0
3.5829 	0
3.5849 	3
3.5869 	0
3.5889 	0
3.5909 	0
3.5929 	2
3.5949 	2
3.5969 	0
3.5989 	2
3.6009 	1
3.6029 	0
3.6049 	0
3.6069 	0
3.6089 	0
3.6109 	0
3.6129 	0
3.6149 	3
3.6169 	2
3.6189 	5
3.6209 	2
3.6229 	0
3.6249 	0
3.6269 	0
3.6289 	0
3.6309 	0
3.6329 	0
3.6349 	0
3.6369 	0
3.6389 	0
3.6409 	0
3.6429 	0
3.6449 	0
3.6469 	0
3.6489 	5
3.6509 	2
3.6529 	3
3.6549 	0
3.6569 	0
3.6589 	0
3.6609 	0
3.6629 	0
3.6649 	0
3.6669 	1
3.6689 	0
3.6709 	1
3.6729 	1
3.6749 	1
3.6769 	0
3.6789 	0
3.6809 	0
3.6829 	0
3.6849 	0
3.6869 	0
3.6889 	0
3.6909 	0
3.6929 	0
3.6949 	0
3.6969 	0
3.6989 	0
3.7009 	0
3.7029 	0
3.7049 	0
3.7069 	0
3.7089 	0
3.7109 	0
3.7129 	0
3.7149 	0
3.7169 	0
3.7189 	0
3.7209 	0
3.7229 	0
3.7249 	0
3.7269 	0
3.7289 	0
3.7309 	0
3.7329 	0
3.7349 	0
3.7369 	0
3.7389 	0
3.7409 	0
3.7429 	0
3.7449 	0
3.7469 	0
3.7489 	0
3.7509 	0
3.7529 	0
3.7549 	0
3.7569 	0
3.7589 	0
3.7609 	0
3.7629 	0
3.7649 	0
3.7669 	0
3.7689 	0
3.7709 	0
3.7729 	0
3.7749 	0
3.7769 	0
3.7789 	0
3.7809 	1
3.7829 	1
3.7849 	0
3.7869 	0
3.7889 	0
3.7909 	0
3.7929 	0
3.7949 	0
3.7969 	0
3.7989 	0
3.8009 	0
3.8029 	0
3.8049 	0
3.8069 	0
3.8089 	0
3.8109 	0
3.8129 	0
3.8149 	0
3.8169 	0
3.8189 	0
3.8209 	0
3.8229 	0
3.8249 	0
3.8269 	0
3.8289 	0
3.8309 	0
3.8329 	0
3.8349 	0
3.8369 	0
3.8389 	0
3.8409 	0
3.8429 	2
3.8449 	0
3.8469 	1
3.8489 	0
3.8509 	0
3.8529 	0
3.8549 	0
3.8569 	0
3.8589 	0
3.8609 	0
3.8629 	0
3.8649 	0
3.8669 	0
3.8689 	0
3.8709 	0
3.8729 	0
3.8749 	0
3.8769 	0
3.8789 	0
3.8809 	0
3.8829 	0
3.8849 	0
3.8869 	0
3.8889 	0
3.8909 	0
3.8929 	0
3.8949 	2
3.8969 	3
3.8989 	1
3.9009 	2
3.9029 	2
3.9049 	0
3.9069 	0
3.9089 	0
3.9109 	0
3.9129 	0
3.9149 	0
3.9169 	0
3.9189 	0
3.9209 	0
3.9229 	0
3.9249 	0
3.9269 	0
3.9289 	0
3.9309 	0
3.9329 	0
3.9349 	0
3.9369 	0
3.9389 	0
3.9409 	0
3.9429 	0
3.9449 	0
3.9469 	0
3.9489 	0
3.9509 	0
3.9529 	0
3.9549 	0
3.9569 	0
3.9589 	0
3.9609 	0
3.9629 	0
3.9649 	0
3.9669 	0
3.9689 	0
3.9709 	0
3.9729 	1
3.9749 	0
3.9769 	0
3.9789 	0
3.9809 	1
3.9829 	0
3.9849 	0
3.9869 	0
3.9889 	0
3.9909 	0
3.9929 	0
3.9949 	0
3.9969 	0
3.9989 	0
4.0009 	0
4.0029 	0
4.0049 	0
4.0069 	0
4.0089 	0
4.0109 	0
4.0129 	0
4.0149 	0
4.0169 	0
4.0189 	0
4.0209 	0
4.0229 	0
4.0249 	0
4.0269 	0
4.0289 	0
4.0309 	0
4.0329 	0
4.0349 	0
4.0369 	0
4.0389 	0
4.0409 	0
4.0429 	0
4.0449 	0
4.0469 	0
4.0489 	0
4.0509 	0
4.0529 	0
4.0549 	0
4.0569 	0
4.0589 	0
4.0609 	0
4.0629 	0
4.0649 	0
4.0669 	0
4.0689 	0
4.0709 	0
4.0729 	0
4.0749 	0
4.0769 	0
4.0789 	0
4.0809 	3
4.0829 	0
4.0849 	0
4.0869 	0
4.0889 	0
4.0909 	0
4.0929 	0
4.0949 	0
4.0969 	0
4.0989 	0
4.1009 	0
4.1029 	0
4.1049 	0
4.1069 	0
4.1089 	0
4.1109 	0
4.1129 	0
4.1149 	0
4.1169 	0
4.1189 	0
4.1209 	1
4.1229 	0
4.1249 	0
4.1269 	0
4.1289 	0
4.1309 	0
4.1329 	0
4.1349 	0
4.1369 	0
4.1389 	1
4.1409 	2
4.1429 	3
4.1449 	0
4.1469 	1
4.1489 	0
4.1509 	0
4.1529 	0
4.1549 	0
4.1569 	0
4.1589 	0
4.1609 	0
4.1629 	0
4.1649 	0
4.1669 	0
4.1689 	0
4.1709 	0
4.1729 	0
4.1749 	0
4.1769 	0
4.1789 	0
4.1809 	0
4.1829 	0
4.1849 	0
4.1869 	0
4.1889 	0
4.1909 	0
4.1929 	0
4.1949 	0
4.1969 	0
4.1989 	0
4.2009 	0
4.2029 	0
4.2049 	0
4.2069 	1
4.2089 	2
4.2109 	2
4.2129 	1
4.2149 	0
4.2169 	0
4.2189 	0
4.2209 	0
4.2229 	0
4.2249 	0
4.2269 	0
4.2289 	0
4.2309 	0
4.2329 	0
4.2349 	0
4.2369 	0
4.2389 	0
4.2409 	0
4.2429 	0
4.2449 	0
4.2469 	0
4.2489 	0
4.2509 	0
4.2529 	0
4.2549 	0
4.2569 	2
4.2589 	2
4.2609 	0
4.2629 	2
4.2649 	3
4.2669 	3
4.2689 	0
4.2709 	0
4.2729 	0
4.2749 	0
4.2769 	1
4.2789 	0
4.2809 	0
4.2829 	0
4.2849 	0
4.2869 	0
4.2889 	0
4.2909 	2
4.2929 	1
4.2949 	0
4.2969 	0
4.2989 	0
4.3009 	0
4.3029 	0
4.3049 	0
4.3069 	0
4.3089 	0
4.3109 	1
4.3129 	0
4.3149 	0
4.3169 	0
4.3189 	0
4.3209 	0
4.3229 	0
4.3249 	0
4.3269 	0
4.3289 	0
4.3309 	0
4.3329 	0
4.3349 	0
4.3369 	0
4.3389 	0
4.3409 	0
4.3429 	0
4.3449 	0
4.3469 	0
4.3489 	0
4.3509 	0
4.3529 	0
4.3549 	0
4.3569 	0
4.3589 	0
4.3609 	0
4.3629 	0
4.3649 	0
4.3669 	1
4.3689 	0
4.3709 	0
4.3729 	0
4.3749 	0
4.3769 	0
4.3789 	0
4.3809 	0
4.3829 	0
4.3849 	0
4.3869 	0
4.3889 	0
4.3909 	0
4.3929 	0
4.3949 	0
4.3969 	0
4.3989 	1
4.4009 	0
4.4029 	0
4.4049 	1
4.4069 	0
4.4089 	0
4.4109 	0
4.4129 	0
4.4149 	0
4.4169 	0
4.4189 	0
4.4209 	0
4.4229 	0
4.4249 	1
4.4269 	0
4.4289 	0
4.4309 	0
4.4329 	0
4.4349 	0
4.4369 	0
4.4389 	0
4.4409 	0
4.4429 	0
4.4449 	0
4.4469 	0
4.4489 	0
4.4509 	0
4.4529 	0
4.4549 	0
4.4569 	0
4.4589 	0
4.4609 	0
4.4629 	0
4.4649 	0
4.4669 	0
4.4689 	0
4.4709 	0
4.4729 	1
4.4749 	2
4.4769 	3
4.4789 	2
4.4809 	0
4.4829 	0
4.4849 	0
4.4869 	0
4.4889 	0
4.4909 	0
4.4929 	0
4.4949 	0
4.4969 	0
4.4989 	0
4.5009 	0
4.5029 	0
4.5049 	0
4.5069 	0
4.5089 	0
4.5109 	0
4.5129 	0
4.5149 	0
4.5169 	0
4.5189 	0
4.5209 	0
4.5229 	0
4.5249 	0
4.5269 	0
4.5289 	0
4.5309 	0
4.5329 	2
4.5349 	0
4.5369 	0
4.5389 	0
4.5409 	0
4.5429 	0
4.5449 	0
4.5469 	0
4.5489 	0
4.5509 	0
4.5529 	0
4.5549 	0
4.5569 	0
4.5589 	0
4.5609 	0
4.5629 	0
4.5649 	0
4.5669 	0
4.5689 	0
4.5709 	0
4.5729 	0
4.5749 	0
4.5769 	0
4.5789 	0
4.5809 	0
4.5829 	0
4.5849 	0
4.5869 	0
4.5889 	0
4.5909 	0
4.5929 	0
4.5949 	0
4.5969 	0
4.5989 	0
4.6009 	0
4.6029 	0
4.6049 	0
4.6069 	0
4.6089 	2
4.6109 	3
4.6129 	2
4.6149 	2
4.6169 	2
4.6189 	4
4.6209 	2
4.6229 	1
4.6249 	0
4.6269 	0
4.6289 	0
4.6309 	0
4.6329 	1
4.6349 	1
4.6369 	1
4.6389 	0
4.6409 	0
4.6429 	0
4.6449 	0
4.6469 	0
4.6489 	0
4.6509 	0
4.6529 	0
4.6549 	0
4.6569 	0
4.6589 	0
4.6609 	0
4.6629 	0
4.6649 	0
4.6669 	0
4.6689 	0
4.6709 	0
4.6729 	0
4.6749 	0
4.6769 	0
4.6789 	0
4.6809 	0
4.6829 	0
4.6849 	0
4.6869 	0
4.6889 	0
4.6909 	0
4.6929 	0
4.6949 	0
4.6969 	0
4.6989 	1
4.7009 	1
4.7029 	2
4.7049 	2
4.7069 	1
4.7089 	0
4.7109 	0
4.7129 	0
4.7149 	0
4.7169 	0
4.7189 	0
4.7209 	0
4.7229 	0
4.7249 	0
4.7269 	1
4.7289 	2
4.7309 	3
4.7329 	0
4.7349 	0
4.7369 	0
4.7389 	0
4.7409 	0
4.7429 	1
4.7449 	0
4.7469 	0
4.7489 	0
4.7509 	3
4.7529 	1
4.7549 	0
4.7569 	0
4.7589 	0
4.7609 	0
4.7629 	0
4.7649 	0
4.7669 	0
4.7689 	0
4.7709 	0
4.7729 	0
4.7749 	0
4.7769 	0
4.7789 	0
4.7809 	0
4.7829 	0
4.7849 	0
4.7869 	0
4.7889 	1
4.7909 	3
4.7929 	3
4.7949 	2
4.7969 	0
4.7989 	0
4.8009 	0
4.8029 	0
4.8049 	0
4.8069 	0
4.8089 	0
4.8109 	0
4.8129 	0
4.8149 	0
4.8169 	0
4.8189 	0
4.8209 	0
4.8229 	1
4.8249 	0
4.8269 	0
4.8289 	0
4.8309 	0
4.8329 	0
4.8349 	0
4.8369 	0
4.8389 	0
4.8409 	0
4.8429 	0
4.8449 	0
4.8469 	0
4.8489 	0
4.8509 	0
4.8529 	0
4.8549 	0
4.8569 	0
4.8589 	0
4.8609 	0
4.8629 	0
4.8649 	0
4.8669 	0
4.8689 	0
4.8709 	0
4.8729 	1
4.8749 	0
4.8769 	0
4.8789 	2
4.8809 	0
4.8829 	0
4.8849 	0
4.8869 	0
4.8889 	0
4.8909 	0
4.8929 	0
4.8949 	0
4.8969 	0
4.8989 	0
4.9009 	0
4.9029 	0
4.9049 	0
4.9069 	0
4.9089 	0
4.9109 	0
4.9129 	0
4.9149 	0
4.9169 	0
4.9189 	0
4.9209 	0
4.9229 	0
4.9249 	0
4.9269 	0
4.9289 	0
4.9309 	0
4.9329 	0
4.9349 	0
4.9369 	0
4.9389 	0
4.9409 	0
4.9429 	0
4.9449 	0
4.9469 	0
4.9489 	0
4.9509 	0
4.9529 	0
4.9549 	0
4.9569 	0
4.9589 	0
4.9609 	0
4.9629 	0
4.9649 	0
4.9669 	0
4.9689 	0
4.9709 	0
4.9729 	0
4.9749 	0
4.9769 	0
4.9789 	0
4.9809 	1
4.9829 	2
4.9849 	2
4.9869 	2
4.9889 	0
4.9909 	0
4.9929 	2
4.9949 	1
4.9969 	0
4.9989 	0
5.0009 	0
5.0029 	0
5.0049 	1
5.0069 	0
5.0089 	0
5.0109 	0
5.0129 	0
5.0149 	0
5.0169 	0
5.0189 	0
5.0209 	0
5.0229 	0
5.0249 	0
5.0269 	3
5.0289 	1
5.0309 	0
5.0329 	0
5.0349 	0
5.0369 	0
5.0389 	0
5.0409 	0
5.0429 	0
5.0449 	0
5.0469 	0
5.0489 	0
5.0509 	0
5.0529 	0
5.0549 	1
5.0569 	2
5.0589 	1
5.0609 	0
5.0629 	0
5.0649 	0
5.0669 	0
5.0689 	0
5.0709 	0
5.0729 	0
5.0749 	0
5.0769 	0
5.0789 	0
5.0809 	0
5.0829 	0
5.0849 	0
5.0869 	0
5.0889 	2
5.0909 	3
5.0929 	0
5.0949 	0
5.0969 	0
5.0989 	0
5.1009 	0
5.1029 	0
5.1049 	1
5.1069 	0
5.1089 	0
5.1109 	0
5.1129 	0
5.1149 	0
5.1169 	0
5.1189 	0
5.1209 	0
5.1229 	0
5.1249 	1
5.1269 	0
5.1289 	0
5.1309 	0
5.1329 	0
5.1349 	0
5.1369 	0
5.1389 	0
5.1409 	0
5.1429 	0
5.1449 	0
5.1469 	0
5.1489 	0
5.1509 	0
5.1529 	1
5.1549 	0
5.1569 	0
5.1589 	1
5.1609 	1
5.1629 	0
5.1649 	0
5.1669 	1
5.1689 	1
5.1709 	0
5.1729 	0
5.1749 	0
5.1769 	0
5.1789 	1
5.1809 	2
5.1829 	0
5.1849 	0
5.1869 	0
5.1889 	0
5.1909 	0
5.1929 	0
5.1949 	0
5.1969 	0
5.1989 	0
5.2009 	0
5.2029 	0
5.2049 	0
5.2069 	0
5.2089 	0
5.2109 	0
5.2129 	0
5.2149 	0
5.2169 	0
5.2189 	0
5.2209 	0
5.2229 	0
5.2249 	0
5.2269 	0
5.2289 	0
5.2309 	0
5.2329 	0
5.2349 	0
5.2369 	0
5.2389 	0
5.2409 	0
5.2429 	0
5.2449 	0
5.2469 	0
5.2489 	0
5.2509 	0
5.2529 	0
5.2549 	2
5.2569 	0
5.2589 	1
5.2609 	1
5.2629 	0
5.2649 	0
5.2669 	0
5.2689 	0
5.2709 	0
5.2729 	0
5.2749 	0
5.2769 	0
5.2789 	0
5.2809 	0
5.2829 	0
5.2849 	0
5.2869 	0
5.2889 	0
5.2909 	1
5.2929 	0
5.2949 	0
5.2969 	0
5.2989 	0
5.3009 	1
5.3029 	0
5.3049 	0
5.3069 	0
5.3089 	0
5.3109 	1
5.3129 	3
5.3149 	3
5.3169 	1
5.3189 	0
5.3209 	0
5.3229 	0
5.3249 	0
5.3269 	0
5.3289 	0
5.3309 	0
5.3329 	0
5.3349 	0
5.3369 	0
5.3389 	0
5.3409 	0
5.3429 	0
5.3449 	0
5.3469 	0
5.3489 	0
5.3509 	1
5.3529 	1
5.3549 	0
5.3569 	0
5.3589 	0
5.3609 	0
5.3629 	0
5.3649 	1
5.3669 	3
5.3689 	1
5.3709 	0
5.3729 	0
5.3749 	0
5.3769 	0
5.3789 	0
5.3809 	0
5.3829 	0
5.3849 	0
5.3869 	0
5.3889 	0
5.3909 	0
5.3929 	0
5.3949 	0
5.3969 	0
5.3989 	0
5.4009 	0
5.4029 	0
5.4049 	0
5.4069 	0
5.4089 	0
5.4109 	0
5.4129 	0
5.4149 	0
5.4169 	0
5.4189 	0
5.4209 	0
5.4229 	0
5.4249 	0
5.4269 	0
5.4289 	0
5.4309 	0
5.4329 	0
5.4349 	0
5.4369 	0
5.4389 	0
5.4409 	0
5.4429 	0
5.4449 	0
5.4469 	0
5.4489 	0
5.4509 	0
5.4529 	0
5.4549 	0
5.4569 	0
5.4589 	0
5.4609 	0
5.4629 	0
5.4649 	1
5.4669 	0
5.4689 	0
5.4709 	0
5.4729 	0
5.4749 	0
5.4769 	0
5.4789 	0
5.4809 	0
5.4829 	0
5.4849 	0
5.4869 	0
5.4889 	0
5.4909 	0
5.4929 	0
5.4949 	0
5.4969 	0
5.4989 	0
5.5009 	0
5.5029 	0
5.5049 	1
5.5069 	0
5.5089 	2
5.5109 	0
5.5129 	0
5.5149 	0
5.5169 	0
5.5189 	0
5.5209 	0
5.5229 	0
5.5249 	0
5.5269 	0
5.5289 	0
5.5309 	0
5.5329 	0
5.5349 	0
5.5369 	0
5.5389 	0
5.5409 	0
5.5429 	0
5.5449 	0
5.5469 	0
5.5489 	0
5.5509 	0
5.5529 	0
5.5549 	0
5.5569 	0
5.5589 	0
5.5609 	0
5.5629 	0
5.5649 	0
5.5669 	0
5.5689 	0
5.5709 	0
5.5729 	0
5.5749 	0
5.5769 	0
5.5789 	3
5.5809 	2
5.5829 	3
5.5849 	1
5.5869 	0
5.5889 	0
5.5909 	0
5.5929 	0
5.5949 	0
5.5969 	0
5.5989 	0
5.6009 	0
5.6029 	0
5.6049 	0
5.6069 	0
5.6089 	0
5.6109 	0
5.6129 	0
5.6149 	0
5.6169 	0
5.6189 	0
5.6209 	0
5.6229 	0
5.6249 	0
5.6269 	0
5.6289 	0
5.6309 	0
5.6329 	0
5.6349 	0
5.6369 	0
5.6389 	0
5.6409 	0
5.6429 	0
5.6449 	0
5.6469 	0
5.6489 	0
5.6509 	0
5.6529 	0
5.6549 	1
5.6569 	0
5.6589 	0
5.6609 	0
5.6629 	0
5.6649 	0
5.6669 	0
5.6689 	0
5.6709 	0
5.6729 	0
5.6749 	0
5.6769 	0
5.6789 	0
5.6809 	0
5.6829 	0
5.6849 	0
5.6869 	0
5.6889 	0
5.6909 	0
5.6929 	0
5.6949 	0
5.6969 	0
5.6989 	0
5.7009 	0
5.7029 	0
5.7049 	0
5.7069 	0
5.7089 	0
5.7109 	0
5.7129 	0
5.7149 	0
5.7169 	0
5.7189 	0
5.7209 	0
5.7229 	0
5.7249 	0
5.7269 	0
5.7289 	0
5.7309 	0
5.7329 	0
5.7349 	0
5.7369 	0
5.7389 	0
5.7409 	0
5.7429 	0
5.7449 	1
5.7469 	0
5.7489 	0
5.7509 	0
5.7529 	0
5.7549 	0
5.7569 	0
5.7589 	0
5.7609 	0
5.7629 	0
5.7649 	0
5.7669 	0
5.7689 	0
5.7709 	0
5.7729 	0
5.7749 	0
5.7769 	1
5.7789 	0
5.7809 	0
5.7829 	0
5.7849 	0
5.7869 	0
5.7889 	0
5.7909 	0
5.7929 	0
5.7949 	0
5.7969 	0
5.7989 	0
5.8009 	0
5.8029 	0
5.8049 	0
5.8069 	0
5.8089 	0
5.8109 	0
5.8129 	0
5.8149 	0
5.8169 	0
5.8189 	1
5.8209 	0
5.8229 	0
5.8249 	0
5.8269 	0
5.8289 	0
5.8309 	0
5.8329 	0
5.8349 	0
5.8369 	0
5.8389 	0
5.8409 	0
5.8429 	0
5.8449 	0
5.8469 	0
5.8489 	0
5.8509 	0
5.8529 	0
5.8549 	0
5.8569 	0
5.8589 	0
5.8609 	0
5.8629 	0
5.8649 	0
5.8669 	0
5.8689 	0
5.8709 	0
5.8729 	0
5.8749 	0
5.8769 	0
5.8789 	0
5.8809 	0
5.8829 	0
5.8849 	0
5.8869 	0
5.8889 	0
5.8909 	0
5.8929 	0
5.8949 	0
5.8969 	0
5.8989 	0
5.9009 	0
5.9029 	0
5.9049 	0
5.9069 	0
5.9089 	0
5.9109 	0
5.9129 	0
5.9149 	0
5.9169 	0
5.9189 	0
5.9209 	0
5.9229 	0
5.9249 	0
5.9269 	0
5.9289 	0
5.9309 	0
5.9329 	0
5.9349 	0
5.9369 	0
5.9389 	0
5.9409 	0
5.9429 	0
5.9449 	0
5.9469 	0
5.9489 	0
5.9509 	0
5.9529 	0
5.9549 	0
5.9569 	0
5.9589 	0
5.9609 	0
5.9629 	0
5.9649 	0
5.9669 	0
5.9689 	0
5.9709 	0
5.9729 	0
5.9749 	0
5.9769 	0
5.9789 	0
5.9809 	0
5.9829 	0
5.9849 	1
5.9869 	2
5.9889 	3
5.9909 	2
5.9929 	2
5.9949 	0
5.9969 	1
5.9989 	0
6.0009 	0
6.0029 	0
6.0049 	0
6.0069 	0
6.0089 	0
6.0109 	0
6.0129 	0
6.0149 	0
6.0169 	0
6.0189 	0
6.0209 	0
6.0229 	0
6.0249 	3
6.0269 	2
6.0289 	2
6.0309 	2
6.0329 	1
6.0349 	2
6.0369 	0
6.0389 	0
6.0409 	0
6.0429 	0
6.0449 	0
6.0469 	0
6.0489 	0
6.0509 	2
6.0529 	0
6.0549 	0
6.0569 	0
6.0589 	0
6.0609 	0
6.0629 	0
6.0649 	0
6.0669 	0
6.0689 	0
6.0709 	0
6.0729 	0
6.0749 	3
6.0769 	0
6.0789 	0
6.0809 	0
6.0829 	1
6.0849 	0
6.0869 	0
6.0889 	0
6.0909 	0
6.0929 	0
6.0949 	0
6.0969 	0
6.0989 	0
6.1009 	0
6.1029 	0
6.1049 	0
6.1069 	0
6.1089 	0
6.1109 	0
6.1129 	0
6.1149 	0
6.1169 	0
6.1189 	0
6.1209 	2
6.1229 	2
6.1249 	1
6.1269 	0
6.1289 	0
6.1309 	0
6.1329 	0
6.1349 	0
6.1369 	0
6.1389 	0
6.1409 	0
6.1429 	0
6.1449 	0
6.1469 	0
6.1489 	0
6.1509 	0
6.1529 	0
6.1549 	0
6.1569 	0
6.1589 	0
6.1609 	0
6.1629 	0
6.1649 	0
6.1669 	0
6.1689 	0
6.1709 	0
6.1729 	0
6.1749 	0
6.1769 	0
6.1789 	0
6.1809 	0
6.1829 	0
6.1849 	0
6.1869 	0
6.1889 	0
6.1909 	0
6.1929 	0
6.1949 	0
6.1969 	0
6.1989 	0
6.2009 	0
6.2029 	0
6.2049 	0
6.2069 	1
6.2089 	0
6.2109 	0
6.2129 	0
6.2149 	0
6.2169 	0
6.2189 	1
6.2209 	0
6.2229 	0
6.2249 	0
6.2269 	0
6.2289 	0
6.2309 	0
6.2329 	0
6.2349 	0
6.2369 	0
6.2389 	0
6.2409 	0
6.2429 	0
6.2449 	0
6.2469 	0
6.2489 	0
6.2509 	0
6.2529 	0
6.2549 	0
6.2569 	0
6.2589 	0
6.2609 	0
6.2629 	1
6.2649 	0
6.2669 	0
6.2689 	0
6.2709 	0
6.2729 	0
6.2749 	0
6.2769 	0
6.2789 	0
6.2809 	1
6.2829 	0
6.2849 	0
6.2869 	0
6.2889 	0
6.2909 	0
6.2929 	0
6.2949 	0
6.2969 	0
6.2989 	0
6.3009 	0
6.3029 	0
6.3049 	0
6.3069 	0
6.3089 	0
6.3109 	0
6.3129 	0
6.3149 	0
6.3169 	0
6.3189 	0
6.3209 	0
6.3229 	0
6.3249 	0
6.3269 	0
6.3289 	0
6.3309 	0
6.3329 	0
6.3349 	0
6.3369 	0
6.3389 	0
6.3409 	0
6.3429 	0
6.3449 	0
6.3469 	0
6.3489 	0
6.3509 	0
6.3529 	0
6.3549 	0
6.3569 	0
6.3589 	0
6.3609 	0
6.3629 	0
6.3649 	0
6.3669 	0
6.3689 	0
6.3709 	0
6.3729 	0
6.3749 	0
6.3769 	1
6.3789 	2
6.3809 	2
6.3829 	2
6.3849 	2
6.3869 	0
6.3889 	0
6.3909 	0
6.3929 	0
6.3949 	0
6.3969 	0
6.3989 	0
6.4009 	0
6.4029 	0
6.4049 	0
6.4069 	0
6.4089 	0
6.4109 	0
6.4129 	0
6.4149 	0
6.4169 	0
6.4189 	0
6.4209 	0
6.4229 	0
6.4249 	0
6.4269 	0
6.4289 	0
6.4309 	0
6.4329 	0
6.4349 	0
6.4369 	0
6.4389 	0
6.4409 	0
6.4429 	0
6.4449 	0
6.4469 	0
6.4489 	0
6.4509 	0
6.4529 	0
6.4549 	0
6.4569 	0
6.4589 	0
6.4609 	2
6.4629 	2
6.4649 	1
6.4669 	0
6.4689 	0
6.4709 	0
6.4729 	0
6.4749 	0
6.4769 	0
6.4789 	0
6.4809 	0
6.4829 	0
6.4849 	0
6.4869 	0
6.4889 	0
6.4909 	0
6.4929 	0
6.4949 	0
6.4969 	0
6.4989 	0
6.5009 	0
6.5029 	0
6.5049 	3
6.5069 	1
6.5089 	1
6.5109 	0
6.5129 	0
6.5149 	0
6.5169 	0
6.5189 	0
6.5209 	0
6.5229 	0
6.5249 	0
6.5269 	0
6.5289 	0
6.5309 	0
6.5329 	0
6.5349 	0
6.5369 	0
6.5389 	0
6.5409 	0
6.5429 	0
6.5449 	0
6.5469 	0
6.5489 	0
6.5509 	0
6.5529 	0
6.5549 	0
6.5569 	3
6.5589 	3
6.5609 	2
6.5629 	1
6.5649 	0
6.5669 	0
6.5689 	0
6.5709 	0
6.5729 	0
6.5749 	0
6.5769 	0
6.5789 	0
6.5809 	0
6.5829 	0
6.5849 	0
6.5869 	0
6.5889 	0
6.5909 	0
6.5929 	0
6.5949 	0
6.5969 	0
6.5989 	0
6.6009 	0
6.6029 	0
6.6049 	0
6.6069 	0
6.6089 	0
6.6109 	0
6.6129 	1
6.6149 	1
6.6169 	0
6.6189 	0
6.6209 	0
6.6229 	0
6.6249 	0
6.6269 	0
6.6289 	0
6.6309 	0
6.6329 	0
6.6349 	0
6.6369 	0
6.6389 	1
6.6409 	2
6.6429 	3
6.6449 	2
6.6469 	1
6.6489 	1
6.6509 	1
6.6529 	0
6.6549 	1
6.6569 	0
6.6589 	0
6.6609 	0
6.6629 	0
6.6649 	0
6.6669 	0
6.6689 	0
6.6709 	0
6.6729 	0
6.6749 	0
6.6769 	0
6.6789 	0
6.6809 	0
6.6829 	0
6.6849 	0
6.6869 	0
6.6889 	0
6.6909 	0
6.6929 	0
6.6949 	0
6.6969 	0
6.6989 	0
6.7009 	0
6.7029 	0
6.7049 	0
6.7069 	0
6.7089 	0
6.7109 	1
6.7129 	2
6.7149 	0
6.7169 	2
6.7189 	2
6.7209 	0
6.7229 	1
6.7249 	0
6.7269 	0
6.7289 	0
6.7309 	0
6.7329 	0
6.7349 	0
6.7369 	0
6.7389 	0
6.7409 	0
6.7429 	0
6.7449 	0
6.7469 	0
6.7489 	0
6.7509 	1
6.7529 	0
6.7549 	0
6.7569 	0
6.7589 	0
6.7609 	0
6.7629 	0
6.7649 	0
6.7669 	0
6.7689 	0
6.7709 	0
6.7729 	0
6.7749 	0
6.7769 	0
6.7789 	0
6.7809 	0
6.7829 	0
6.7849 	0
6.7869 	0
6.7889 	0
6.7909 	0
6.7929 	0
6.7949 	0
6.7969 	0
6.7989 	0
6.8009 	0
6.8029 	0
6.8049 	0
6.8069 	0
6.8089 	0
6.8109 	0
6.8129 	0
6.8149 	0
6.8169 	0
6.8189 	0
6.8209 	0
6.8229 	0
6.8249 	0
6.8269 	0
6.8289 	0
6.8309 	0
6.8329 	0
6.8349 	0
6.8369 	0
6.8389 	0
6.8409 	0
6.8429 	0
6.8449 	0
6.8469 	0
6.8489 	0
6.8509 	0
6.8529 	0
6.8549 	0
6.8569 	1
6.8589 	0
6.8609 	0
6.8629 	0
6.8649 	0
6.8669 	0
6.8689 	0
6.8709 	0
6.8729 	0
6.8749 	0
6.8769 	0
6.8789 	0
6.8809 	0
6.8829 	0
6.8849 	0
6.8869 	0
6.8889 	0
6.8909 	0
6.8929 	0
6.8949 	0
6.8969 	0
6.8989 	0
6.9009 	0
6.9029 	0
6.9049 	0
6.9069 	0
6.9089 	0
6.9109 	0
6.9129 	0
6.9149 	0
6.9169 	0
6.9189 	0
6.9209 	0
6.9229 	0
6.9249 	0
6.9269 	0
6.9289 	0
6.9309 	0
6.9329 	0
6.9349 	0
6.9369 	0
6.9389 	0
6.9409 	1
6.9429 	3
6.9449 	1
6.9469 	3
6.9489 	2
6.9509 	0
6.9529 	0
6.9549 	0
6.9569 	0
6.9589 	0
6.9609 	0
6.9629 	0
6.9649 	0
6.9669 	0
6.9689 	0
6.9709 	0
6.9729 	0
6.9749 	0
6.9769 	0
6.9789 	1
6.9809 	0
6.9829 	0
6.9849 	0
6.9869 	0
6.9889 	0
6.9909 	0
6.9929 	0
6.9949 	0
6.9969 	0
6.9989 	0
7.0009 	0
7.0029 	0
7.0049 	0
7.0069 	0
7.0089 	0
7.0109 	0
7.0129 	0
7.0149 	0
7.0169 	0
7.0189 	0
7.0209 	0
7.0229 	0
7.0249 	0
7.0269 	0
7.0289 	0
7.0309 	0
7.0329 	0
7.0349 	0
7.0369 	0
7.0389 	0
7.0409 	0
7.0429 	0
7.0449 	0
7.0469 	0
7.0489 	0
7.0509 	0
7.0529 	0
7.0549 	0
7.0569 	0
7.0589 	0
7.0609 	0
7.0629 	0
7.0649 	2
7.0669 	2
7.0689 	2
7.0709 	0
7.0729 	0
7.0749 	0
7.0769 	0
7.0789 	0
7.0809 	0
7.0829 	0
7.0849 	0
7.0869 	0
7.0889 	0
7.0909 	0
7.0929 	1
7.0949 	2
7.0969 	3
7.0989 	0
7.1009 	0
7.1029 	0
7.1049 	0
7.1069 	0
7.1089 	0
7.1109 	0
7.1129 	0
7.1149 	0
7.1169 	0
7.1189 	0
7.1209 	0
7.1229 	0
7.1249 	0
7.1269 	0
7.1289 	0
7.1309 	0
7.1329 	0
7.1349 	0
7.1369 	0
7.1389 	1
7.1409 	0
7.1429 	0
7.1449 	0
7.1469 	1
7.1489 	0
7.1509 	0
7.1529 	0
7.1549 	0
7.1569 	0
7.1589 	0
7.1609 	0
7.1629 	0
7.1649 	0
7.1669 	0
7.1689 	0
7.1709 	0
7.1729 	0
7.1749 	0
7.1769 	0
7.1789 	0
7.1809 	0
7.1829 	0
7.1849 	0
7.1869 	0
7.1889 	0
7.1909 	0
7.1929 	0
7.1949 	0
7.1969 	0
7.1989 	0
7.2009 	3
7.2029 	1
7.2049 	0
7.2069 	0
7.2089 	0
7.2109 	0
7.2129 	0
7.2149 	0
7.2169 	2
7.2189 	3
7.2209 	1
7.2229 	0
7.2249 	0
7.2269 	0
7.2289 	0
7.2309 	0
7.2329 	0
7.2349 	0
7.2369 	0
7.2389 	0
7.2409 	0
7.2429 	1
7.2449 	0
7.2469 	0
7.2489 	0
7.2509 	0
7.2529 	0
7.2549 	0
7.2569 	0
7.2589 	1
7.2609 	3
7.2629 	3
7.2649 	1
7.2669 	0
7.2689 	0
7.2709 	0
7.2729 	0
7.2749 	1
7.2769 	3
7.2789 	2
7.2809 	1
7.2829 	0
7.2849 	0
7.2869 	0
7.2889 	0
7.2909 	3
7.2929 	2
7.2949 	2
7.2969 	0
7.2989 	0
7.3009 	0
7.3029 	0
7.3049 	0
7.3069 	0
7.3089 	0
7.3109 	0
7.3129 	0
7.3149 	0
7.3169 	0
7.3189 	0
7.3209 	1
7.3229 	2
7.3249 	0
7.3269 	0
7.3289 	0
7.3309 	0
7.3329 	2
7.3349 	0
7.3369 	0
7.3389 	0
7.3409 	0
7.3429 	0
7.3449 	0
7.3469 	0
7.3489 	0
7.3509 	0
7.3529 	0
7.3549 	0
7.3569 	0
7.3589 	0
7.3609 	1
7.3629 	0
7.3649 	0
7.3669 	0
7.3689 	0
7.3709 	0
7.3729 	0
7.3749 	1
7.3769 	0
7.3789 	0
7.3809 	0
7.3829 	0
7.3849 	0
7.3869 	0
7.3889 	0
7.3909 	0
7.3929 	0
7.3949 	0
7.3969 	1
7.3989 	0
7.4009 	0
7.4029 	0
7.4049 	0
7.4069 	0
7.4089 	0
7.4109 	0
7.4129 	0
7.4149 	0
7.4169 	0
7.4189 	0
7.4209 	0
7.4229 	0
7.4249 	2
7.4269 	2
7.4289 	2
7.4309 	1
7.4329 	0
7.4349 	0
7.4369 	0
7.4389 	0
7.4409 	0
7.4429 	0
7.4449 	0
7.4469 	0
7.4489 	0
7.4509 	0
7.4529 	0
7.4549 	0
7.4569 	0
7.4589 	0
7.4609 	1
7.4629 	0
7.4649 	0
7.4669 	0
7.4689 	0
7.4709 	0
7.4729 	0
7.4749 	0
7.4769 	0
7.4789 	0
7.4809 	0
7.4829 	0
7.4849 	0
7.4869 	0
7.4889 	0
7.4909 	0
7.4929 	1
7.4949 	0
7.4969 	0
7.4989 	0
7.5009 	0
7.5029 	0
7.5049 	0
7.5069 	0
7.5089 	0
7.5109 	0
7.5129 	0
7.5149 	0
7.5169 	0
7.5189 	2
7.5209 	2
7.5229 	1
7.5249 	0
7.5269 	0
7.5289 	0
7.5309 	0
7.5329 	0
7.5349 	0
7.5369 	0
7.5389 	0
7.5409 	0
7.5429 	0
7.5449 	0
7.5469 	0
7.5489 	0
7.5509 	0
7.5529 	0
7.5549 	0
7.5569 	0
7.5589 	0
7.5609 	0
7.5629 	0
7.5649 	0
7.5669 	0
7.5689 	0
7.5709 	0
7.5729 	0
7.5749 	0
7.5769 	0
7.5789 	0
7.5809 	0
7.5829 	0
7.5849 	0
7.5869 	0
7.5889 	0
7.5909 	0
7.5929 	0
7.5949 	0
7.5969 	0
7.5989 	0
7.6009 	0
7.6029 	1
7.6049 	0
7.6069 	0
7.6089 	0
7.6109 	0
7.6129 	0
7.6149 	0
7.6169 	0
7.6189 	0
7.6209 	0
7.6229 	0
7.6249 	0
7.6269 	0
7.6289 	0
7.6309 	0
7.6329 	0
7.6349 	0
7.6369 	0
7.6389 	0
7.6409 	0
7.6429 	0
7.6449 	0
7.6469 	0
7.6489 	0
7.6509 	0
7.6529 	0
7.6549 	0
7.6569 	1
7.6589 	1
7.6609 	0
7.6629 	0
7.6649 	0
7.6669 	0
7.6689 	0
7.6709 	0
7.6729 	0
7.6749 	1
7.6769 	0
7.6789 	2
7.6809 	1
7.6829 	0
7.6849 	0
7.6869 	0
7.6889 	0
7.6909 	0
7.6929 	0
7.6949 	0
7.6969 	0
7.6989 	0
7.7009 	0
7.7029 	0
7.7049 	0
7.7069 	0
7.7089 	0
7.7109 	0
7.7129 	0
7.7149 	0
7.7169 	0
7.7189 	0
7.7209 	0
7.7229 	0
7.7249 	0
7.7269 	0
7.7289 	1
7.7309 	1
7.7329 	0
7.7349 	0
7.7369 	0
7.7389 	0
7.7409 	0
7.7429 	0
7.7449 	0
7.7469 	0
7.7489 	0
7.7509 	0
7.7529 	0
7.7549 	0
7.7569 	0
7.7589 	0
7.7609 	0
7.7629 	0
7.7649 	0
7.7669 	0
7.7689 	0
7.7709 	0
7.7729 	0
7.7749 	3
7.7769 	1
7.7789 	2
7.7809 	0
7.7829 	0
7.7849 	0
7.7869 	0
7.7889 	0
7.7909 	0
7.7929 	0
7.7949 	0
7.7969 	0
7.7989 	1
7.8009 	1
7.8029 	0
7.8049 	1
7.8069 	2
7.8089 	1
7.8109 	1
7.8129 	0
7.8149 	0
7.8169 	0
7.8189 	0
7.8209 	1
7.8229 	3
7.8249 	1
7.8269 	1
7.8289 	0
7.8309 	0
7.8329 	0
7.8349 	0
7.8369 	0
7.8389 	0
7.8409 	0
7.8429 	0
7.8449 	0
7.8469 	0
7.8489 	0
7.8509 	0
7.8529 	0
7.8549 	0
7.8569 	0
7.8589 	0
7.8609 	0
7.8629 	0
7.8649 	0
7.8669 	0
7.8689 	0
7.8709 	0
7.8729 	0
7.8749 	0
7.8769 	0
7.8789 	0
7.8809 	0
7.8829 	0
7.8849 	0
7.8869 	0
7.8889 	0
7.8909 	0
7.8929 	0
7.8949 	0
7.8969 	0
7.8989 	0
7.9009 	0
7.9029 	0
7.9049 	0
7.9069 	0
7.9089 	0
7.9109 	0
7.9129 	0
7.9149 	0
7.9169 	0
7.9189 	0
7.9209 	0
7.9229 	0
7.9249 	0
7.9269 	0
7.9289 	0
7.9309 	0
7.9329 	0
7.9349 	0
7.9369 	0
7.9389 	0
7.9409 	0
7.9429 	0
7.9449 	0
7.9469 	0
7.9489 	1
7.9509 	0
7.9529 	0
7.9549 	0
7.9569 	0
7.9589 	0
7.9609 	0
7.9629 	0
7.9649 	0
7.9669 	0
7.9689 	0
7.9709 	0
7.9729 	0
7.9749 	0
7.9769 	0
7.9789 	0
7.9809 	0
7.9829 	0
7.9849 	0
7.9869 	0
7.9889 	0
7.9909 	0
7.9929 	0
7.9949 	0
7.9969 	0
7.9989 	0
8.0009 	0
8.0029 	0
8.0049 	0
8.0069 	0
8.0089 	0
8.0109 	1
8.0129 	0
8.0149 	0
8.0169 	0
8.0189 	0
8.0209 	0
8.0229 	0
8.0249 	0
8.0269 	0
8.0289 	0
8.0309 	0
8.0329 	0
8.0349 	0
8.0369 	0
8.0389 	0
8.0409 	0
8.0429 	0
8.0449 	0
8.0469 	0
8.0489 	0
8.0509 	0
8.0529 	0
8.0549 	0
8.0569 	0
8.0589 	0
8.0609 	0
8.0629 	0
8.0649 	0
8.0669 	0
8.0689 	0
8.0709 	0
8.0729 	0
8.0749 	0
8.0769 	0
8.0789 	0
8.0809 	0
8.0829 	0
8.0849 	0
8.0869 	0
8.0889 	0
8.0909 	0
8.0929 	0
8.0949 	0
8.0969 	0
8.0989 	0
8.1009 	0
8.1029 	0
8.1049 	0
8.1069 	0
8.1089 	0
8.1109 	1
8.1129 	1
8.1149 	0
8.1169 	0
8.1189 	0
8.1209 	0
8.1229 	0
8.1249 	0
8.1269 	0
8.1289 	0
8.1309 	0
8.1329 	0
8.1349 	0
8.1369 	2
8.1389 	2
8.1409 	2
8.1429 	0
8.1449 	0
8.1469 	0
8.1489 	0
8.1509 	0
8.1529 	0
8.1549 	0
8.1569 	0
8.1589 	0
8.1609 	0
8.1629 	0
8.1649 	1
8.1669 	1
8.1689 	3
8.1709 	2
8.1729 	0
8.1749 	0
8.1769 	0
8.1789 	0
8.1809 	0
8.1829 	0
8.1849 	0
8.1869 	0
8.1889 	0
8.1909 	0
8.1929 	0
8.1949 	0
8.1969 	0
8.1989 	0
8.2009 	0
8.2029 	0
8.2049 	0
8.2069 	0
8.2089 	0
8.2109 	0
8.2129 	0
8.2149 	0
8.2169 	0
8.2189 	0
8.2209 	0
8.2229 	0
8.2249 	0
8.2269 	0
8.2289 	0
8.2309 	0
8.2329 	0
8.2349 	0
8.2369 	0
8.2389 	0
8.2409 	0
8.2429 	0
8.2449 	0
8.2469 	0
8.2489 	0
8.2509 	0
8.2529 	0
8.2549 	0
8.2569 	0
8.2589 	0
8.2609 	0
8.2629 	0
8.2649 	0
8.2669 	0
8.2689 	0
8.2709 	0
8.2729 	0
8.2749 	0
8.2769 	0
8.2789 	0
8.2809 	0
8.2829 	0
8.2849 	0
8.2869 	0
8.2889 	0
8.2909 	0
8.2929 	0
8.2949 	0
8.2969 	0
8.2989 	0
8.3009 	0
8.3029 	0
8.3049 	0
8.3069 	0
8.3089 	0
8.3109 	0
8.3129 	0
8.3149 	0
8.3169 	0
8.3189 	1
8.3209 	4
8.3229 	3
8.3249 	2
8.3269 	0
8.3289 	0
8.3309 	0
8.3329 	0
8.3349 	0
8.3369 	0
8.3389 	0
8.3409 	0
8.3429 	0
8.3449 	0
8.3469 	0
8.3489 	0
8.3509 	1
8.3529 	0
8.3549 	0
8.3569 	0
8.3589 	0
8.3609 	0
8.3629 	0
8.3649 	0
8.3669 	0
8.3689 	0
8.3709 	0
8.3729 	0
8.3749 	0
8.3769 	0
8.3789 	0
8.3809 	0
8.3829 	0
8.3849 	1
8.3869 	0
8.3889 	1
8.3909 	1
8.3929 	0
8.3949 	0
8.3969 	0
8.3989 	0
8.4009 	0
8.4029 	0
8.4049 	2
8.4069 	0
8.4089 	0
8.4109 	0
8.4129 	0
8.4149 	0
8.4169 	0
8.4189 	0
8.4209 	0
8.4229 	0
8.4249 	0
8.4269 	0
8.4289 	0
8.4309 	0
8.4329 	0
8.4349 	0
8.4369 	0
8.4389 	0
8.4409 	1
8.4429 	2
8.4449 	0
8.4469 	0
8.4489 	0
8.4509 	0
8.4529 	0
8.4549 	0
8.4569 	1
8.4589 	1
8.4609 	2
8.4629 	0
8.4649 	0
8.4669 	0
8.4689 	0
8.4709 	0
8.4729 	0
8.4749 	0
8.4769 	1
8.4789 	0
8.4809 	0
8.4829 	0
8.4849 	0
8.4869 	0
8.4889 	0
8.4909 	0
8.4929 	0
8.4949 	0
8.4969 	0
8.4989 	0
8.5009 	0
8.5029 	0
8.5049 	0
8.5069 	0
8.5089 	0
8.5109 	0
8.5129 	0
8.5149 	0
8.5169 	0
8.5189 	0
8.5209 	0
8.5229 	0
8.5249 	0
8.5269 	0
8.5289 	0
8.5309 	0
8.5329 	0
8.5349 	0
8.5369 	0
8.5389 	0
8.5409 	0
8.5429 	0
8.5449 	0
8.5469 	0
8.5489 	0
8.5509 	0
8.5529 	0
8.5549 	0
8.5569 	0
8.5589 	0
8.5609 	0
8.5629 	0
8.5649 	0
8.5669 	0
8.5689 	0
8.5709 	0
8.5729 	0
8.5749 	0
8.5769 	0
8.5789 	0
8.5809 	0
8.5829 	0
8.5849 	0
8.5869 	0
8.5889 	0
8.5909 	0
8.5929 	0
8.5949 	0
8.5969 	0
8.5989 	0
8.6009 	0
8.6029 	2
8.6049 	1
8.6069 	0
8.6089 	0
8.6109 	0
8.6129 	0
8.6149 	0
8.6169 	0
8.6189 	0
8.6209 	0
8.6229 	0
8.6249 	0
8.6269 	0
8.6289 	3
8.6309 	2
8.6329 	1
8.6349 	1
8.6369 	0
8.6389 	0
8.6409 	0
8.6429 	0
8.6449 	0
8.6469 	0
8.6489 	0
8.6509 	0
8.6529 	0
8.6549 	0
8.6569 	0
8.6589 	0
8.6609 	0
8.6629 	0
8.6649 	0
8.6669 	0
8.6689 	0
8.6709 	0
8.6729 	0
8.6749 	0
8.6769 	0
8.6789 	1
8.6809 	1
8.6829 	0
8.6849 	1
8.6869 	2
8.6889 	0
8.6909 	1
8.6929 	0
8.6949 	0
8.6969 	0
8.6989 	0
8.7009 	0
8.7029 	0
8.7049 	0
8.7069 	5
8.7089 	5
8.7109 	5
8.7129 	3
8.7149 	4
8.7169 	0
8.7189 	0
8.7209 	1
8.7229 	0
8.7249 	0
8.7269 	0
8.7289 	0
8.7309 	0
8.7329 	0
8.7349 	0
8.7369 	0
8.7389 	0
8.7409 	0
8.7429 	0
8.7449 	0
8.7469 	0
8.7489 	0
8.7509 	0
8.7529 	0
8.7549 	0
8.7569 	0
8.7589 	0
8.7609 	0
8.7629 	0
8.7649 	0
8.7669 	0
8.7689 	0
8.7709 	0
8.7729 	0
8.7749 	0
8.7769 	0
8.7789 	0
8.7809 	0
8.7829 	0
8.7849 	0
8.7869 	0
8.7889 	0
8.7909 	0
8.7929 	0
8.7949 	0
8.7969 	0
8.7989 	0
8.8009 	0
8.8029 	0
8.8049 	0
8.8069 	0
8.8089 	0
8.8109 	0
8.8129 	0
8.8149 	0
8.8169 	0
8.8189 	0
8.8209 	0
8.8229 	0
8.8249 	0
8.8269 	0
8.8289 	0
8.8309 	0
8.8329 	0
8.8349 	0
8.8369 	0
8.8389 	0
8.8409 	0
8.8429 	0
8.8449 	0
8.8469 	0
8.8489 	0
8.8509 	0
8.8529 	0
8.8549 	0
8.8569 	0
8.8589 	0
8.8609 	0
8.8629 	0
8.8649 	0
8.8669 	0
8.8689 	0
8.8709 	0
8.8729 	0
8.8749 	0
8.8769 	0
8.8789 	0
8.8809 	0
8.8829 	0
8.8849 	0
8.8869 	0
8.8889 	0
8.8909 	0
8.8929 	1
8.8949 	0
8.8969 	0
8.8989 	0
8.9009 	0
8.9029 	0
8.9049 	0
8.9069 	0
8.9089 	0
8.9109 	0
8.9129 	0
8.9149 	0
8.9169 	0
8.9189 	0
8.9209 	0
8.9229 	0
8.9249 	0
8.9269 	0
8.9289 	0
8.9309 	1
8.9329 	1
8.9349 	2
8.9369 	0
8.9389 	0
8.9409 	0
8.9429 	0
8.9449 	0
8.9469 	0
8.9489 	0
8.9509 	0
8.9529 	0
8.9549 	0
8.9569 	0
8.9589 	0
8.9609 	0
8.9629 	0
8.9649 	0
8.9669 	0
8.9689 	0
8.9709 	0
8.9729 	1
8.9749 	0
8.9769 	0
8.9789 	0
8.9809 	0
8.9829 	0
8.9849 	0
8.9869 	0
8.9889 	0
8.9909 	0
8.9929 	0
8.9949 	0
8.9969 	0
8.9989 	0
9.0009 	0
9.0029 	0
9.0049 	0
9.0069 	0
9.0089 	0
9.0109 	0
9.0129 	0
9.0149 	0
9.0169 	0
9.0189 	0
9.0209 	0
9.0229 	0
9.0249 	0
9.0269 	0
9.0289 	0
9.0309 	0
9.0329 	0
9.0349 	0
9.0369 	0
9.0389 	0
9.0409 	0
9.0429 	0
9.0449 	0
9.0469 	0
9.0489 	0
9.0509 	0
9.0529 	0
9.0549 	0
9.0569 	0
9.0589 	0
9.0609 	0
9.0629 	0
9.0649 	0
9.0669 	1
9.0689 	1
9.0709 	1
9.0729 	0
9.0749 	0
9.0769 	0
9.0789 	0
9.0809 	0
9.0829 	0
9.0849 	0
9.0869 	0
9.0889 	0
9.0909 	0
9.0929 	0
9.0949 	0
9.0969 	0
9.0989 	0
9.1009 	0
9.1029 	0
9.1049 	0
9.1069 	0
9.1089 	0
9.1109 	0
9.1129 	0
9.1149 	0
9.1169 	0
9.1189 	0
9.1209 	0
9.1229 	0
9.1249 	0
9.1269 	0
9.1289 	0
9.1309 	0
9.1329 	0
9.1349 	0
9.1369 	0
9.1389 	0
9.1409 	0
9.1429 	0
9.1449 	0
9.1469 	0
9.1489 	0
9.1509 	0
9.1529 	0
9.1549 	0
9.1569 	0
9.1589 	0
9.1609 	0
9.1629 	0
9.1649 	2
9.1669 	1
9.1689 	0
9.1709 	0
9.1729 	0
9.1749 	0
9.1769 	0
9.1789 	0
9.1809 	0
9.1829 	0
9.1849 	0
9.1869 	0
9.1889 	0
9.1909 	0
9.1929 	0
9.1949 	0
9.1969 	0
9.1989 	0
9.2009 	0
9.2029 	0
9.2049 	0
9.2069 	0
9.2089 	0
9.2109 	0
9.2129 	0
9.2149 	0
9.2169 	0
9.2189 	0
9.2209 	0
9.2229 	0
9.2249 	0
9.2269 	0
9.2289 	0
9.2309 	0
9.2329 	0
9.2349 	0
9.2369 	0
9.2389 	0
9.2409 	0
9.2429 	0
9.2449 	1
9.2469 	0
9.2489 	0
9.2509 	0
9.2529 	0
9.2549 	0
9.2569 	0
9.2589 	0
9.2609 	0
9.2629 	0
9.2649 	0
9.2669 	0
9.2689 	0
9.2709 	0
9.2729 	1
9.2749 	0
9.2769 	0
9.2789 	0
9.2809 	0
9.2829 	0
9.2849 	0
9.2869 	0
9.2889 	0
9.2909 	0
9.2929 	0
9.2949 	0
9.2969 	0
9.2989 	0
9.3009 	0
9.3029 	0
9.3049 	0
9.3069 	0
9.3089 	3
9.3109 	1
9.3129 	1
9.3149 	0
9.3169 	0
9.3189 	0
9.3209 	0
9.3229 	0
9.3249 	0
9.3269 	0
9.3289 	0
9.3309 	0
9.3329 	0
9.3349 	0
9.3369 	1
9.3389 	0
9.3409 	0
9.3429 	0
9.3449 	0
9.3469 	0
9.3489 	0
9.3509 	0
9.3529 	0
9.3549 	0
9.3569 	0
9.3589 	1
9.3609 	0
9.3629 	0
9.3649 	0
9.3669 	0
9.3689 	0
9.3709 	0
9.3729 	0
9.3749 	0
9.3769 	0
9.3789 	0
9.3809 	0
9.3829 	0
9.3849 	0
9.3869 	0
9.3889 	0
9.3909 	0
9.3929 	0
9.3949 	0
9.3969 	0
9.3989 	0
9.4009 	0
9.4029 	0
9.4049 	0
9.4069 	0
9.4089 	0
9.4109 	0
9.4129 	0
9.4149 	0
9.4169 	0
9.4189 	0
9.4209 	2
9.4229 	0
9.4249 	0
9.4269 	0
9.4289 	0
9.4309 	0
9.4329 	0
9.4349 	0
9.4369 	0
9.4389 	0
9.4409 	0
9.4429 	0
9.4449 	1
9.4469 	0
9.4489 	2
9.4509 	1
9.4529 	0
9.4549 	0
9.4569 	0
9.4589 	1
9.4609 	0
9.4629 	3
9.4649 	0
9.4669 	0
9.4689 	0
9.4709 	2
9.4729 	2
9.4749 	2
9.4769 	0
9.4789 	0
9.4809 	0
9.4829 	0
9.4849 	0
9.4869 	0
9.4889 	0
9.4909 	0
9.4929 	0
9.4949 	0
9.4969 	0
9.4989 	0
9.5009 	0
9.5029 	0
9.5049 	1
9.5069 	0
9.5089 	0
9.5109 	0
9.5129 	0
9.5149 	0
9.5169 	0
9.5189 	0
9.5209 	0
9.5229 	0
9.5249 	0
9.5269 	2
9.5289 	0
9.5309 	0
9.5329 	0
9.5349 	0
9.5369 	0
9.5389 	0
9.5409 	0
9.5429 	0
9.5449 	0
9.5469 	1
9.5489 	0
9.5509 	0
9.5529 	0
9.5549 	0
9.5569 	0
9.5589 	0
9.5609 	0
9.5629 	0
9.5649 	0
9.5669 	0
9.5689 	0
9.5709 	0
9.5729 	0
9.5749 	0
9.5769 	0
9.5789 	0
9.5809 	0
9.5829 	0
9.5849 	0
9.5869 	1
9.5889 	0
9.5909 	0
9.5929 	0
9.5949 	0
9.5969 	0
9.5989 	0
9.6009 	0
9.6029 	0
9.6049 	0
9.6069 	0
9.6089 	0
9.6109 	0
9.6129 	0
9.6149 	0
9.6169 	0
9.6189 	0
9.6209 	0
9.6229 	0
9.6249 	0
9.6269 	0
9.6289 	0
9.6309 	0
9.6329 	0
9.6349 	0
9.6369 	0
9.6389 	0
9.6409 	0
9.6429 	0
9.6449 	0
9.6469 	0
9.6489 	0
9.6509 	0
9.6529 	0
9.6549 	0
9.6569 	0
9.6589 	0
9.6609 	0
9.6629 	0
9.6649 	2
9.6669 	0
9.6689 	0
9.6709 	0
9.6729 	0
9.6749 	0
9.6769 	0
9.6789 	0
9.6809 	0
9.6829 	0
9.6849 	0
9.6869 	0
9.6889 	0
9.6909 	0
9.6929 	0
9.6949 	0
9.6969 	0
9.6989 	0
9.7009 	0
9.7029 	0
9.7049 	0
9.7069 	0
9.7089 	0
9.7109 	0
9.7129 	0
9.7149 	0
9.7169 	0
9.7189 	0
9.7209 	0
9.7229 	0
9.7249 	0
9.7269 	0
9.7289 	0
9.7309 	0
9.7329 	0
9.7349 	0
9.7369 	1
9.7389 	0
9.7409 	0
9.7429 	0
9.7449 	0
9.7469 	0
9.7489 	0
9.7509 	0
9.7529 	0
9.7549 	0
9.7569 	0
9.7589 	0
9.7609 	0
9.7629 	1
9.7649 	2
9.7669 	3
9.7689 	2
9.7709 	3
9.7729 	0
9.7749 	1
9.7769 	0
9.7789 	0
9.7809 	0
9.7829 	0
9.7849 	0
9.7869 	0
9.7889 	0
9.7909 	0
9.7929 	0
9.7949 	0
9.7969 	0
9.7989 	0
9.8009 	0
9.8029 	0
9.8049 	0
9.8069 	0
9.8089 	0
9.8109 	0
9.8129 	0
9.8149 	0
9.8169 	0
9.8189 	0
9.8209 	0
9.8229 	0
9.8249 	0
9.8269 	0
9.8289 	0
9.8309 	0
9.8329 	0
9.8349 	0
9.8369 	1
9.8389 	2
9.8409 	3
9.8429 	2
9.8449 	0
9.8469 	0
9.8489 	0
9.8509 	0
9.8529 	0
9.8549 	0
9.8569 	0
9.8589 	0
9.8609 	0
9.8629 	0
9.8649 	0
9.8669 	0
9.8689 	0
9.8709 	0
9.8729 	0
9.8749 	0
9.8769 	2
9.8789 	1
9.8809 	1
9.8829 	0
9.8849 	0
9.8869 	0
9.8889 	0
9.8909 	0
9.8929 	0
9.8949 	0
9.8969 	0
9.8989 	0
9.9009 	0
9.9029 	0
9.9049 	0
9.9069 	0
9.9089 	0
9.9109 	0
9.9129 	0
9.9149 	0
9.9169 	0
9.9189 	0
9.9209 	0
9.9229 	0
9.9249 	0
9.9269 	0
9.9289 	1
9.9309 	2
9.9329 	0
9.9349 	0
9.9369 	0
9.9389 	0
9.9409 	0
9.9429 	0
9.9449 	0
9.9469 	0
9.9489 	0
9.9509 	0
9.9529 	0
9.9549 	0
9.9569 	0
9.9589 	0
9.9609 	0
9.9629 	0
9.9649 	0
9.9669 	0
9.9689 	0
9.9709 	0
9.9729 	0
9.9749 	0
9.9769 	0
9.9789 	0
9.9809 	0
9.9829 	0
9.9849 	0
9.9869 	0
9.9889 	0
9.9909 	0
9.9929 	0
9.9949 	0
9.9969 	0
9.9989 	0
10.0009 	0
