0.0009 	0
0.0029 	0
0.0049 	0
0.0069 	0
0.0089 	0
0.0109 	0
0.0129 	0
0.0149 	1
0.0169 	0
0.0189 	0
0.0209 	0
0.0229 	0
0.0249 	0
0.0269 	0
0.0289 	0
0.0309 	0
0.0329 	0
0.0349 	0
0.0369 	0
0.0389 	0
0.0409 	0
0.0429 	0
0.0449 	1
0.0469 	0
0.0489 	0
0.0509 	0
0.0529 	0
0.0549 	0
0.0569 	0
0.0589 	0
0.0609 	0
0.0629 	0
0.0649 	0
0.0669 	0
0.0689 	0
0.0709 	0
0.0729 	0
0.0749 	0
0.0769 	0
0.0789 	0
0.0809 	0
0.0829 	0
0.0849 	0
0.0869 	0
0.0889 	0
0.0909 	0
0.0929 	0
0.0949 	0
0.0969 	0
0.0989 	0
0.1009 	0
0.1029 	0
0.1049 	0
0.1069 	0
0.1089 	0
0.1109 	0
0.1129 	0
0.1149 	0
0.1169 	0
0.1189 	0
0.1209 	0
0.1229 	0
0.1249 	0
0.1269 	0
0.1289 	0
0.1309 	0
0.1329 	0
0.1349 	0
0.1369 	0
0.1389 	0
0.1409 	0
0.1429 	0
0.1449 	0
0.1469 	0
0.1489 	0
0.1509 	0
0.1529 	0
0.1549 	0
0.1569 	0
0.1589 	0
0.1609 	0
0.1629 	0
0.1649 	0
0.1669 	0
0.1689 	0
0.1709 	1
0.1729 	0
0.1749 	0
0.1769 	0
0.1789 	0
0.1809 	0
0.1829 	0
0.1849 	0
0.1869 	1
0.1889 	0
0.1909 	0
0.1929 	0
0.1949 	1
0.1969 	0
0.1989 	0
0.2009 	0
0.2029 	0
0.2049 	0
0.2069 	0
0.2089 	0
0.2109 	0
0.2129 	0
0.2149 	0
0.2169 	0
0.2189 	0
0.2209 	0
0.2229 	0
0.2249 	0
0.2269 	2
0.2289 	2
0.2309 	0
0.2329 	0
0.2349 	0
0.2369 	0
0.2389 	0
0.2409 	0
0.2429 	0
0.2449 	0
0.2469 	0
0.2489 	0
0.2509 	0
0.2529 	0
0.2549 	0
0.2569 	0
0.2589 	0
0.2609 	0
0.2629 	0
0.2649 	0
0.2669 	0
0.2689 	0
0.2709 	0
0.2729 	0
0.2749 	1
0.2769 	0
0.2789 	3
0.2809 	0
0.2829 	0
0.2849 	0
0.2869 	0
0.2889 	0
0.2909 	0
0.2929 	0
0.2949 	0
0.2969 	0
0.2989 	0
0.3009 	0
0.3029 	0
0.3049 	0
0.3069 	0
0.3089 	2
0.3109 	1
0.3129 	1
0.3149 	1
0.3169 	1
0.3189 	0
0.3209 	0
0.3229 	0
0.3249 	0
0.3269 	0
0.3289 	0
0.3309 	0
0.3329 	0
0.3349 	0
0.3369 	0
0.3389 	0
0.3409 	0
0.3429 	0
0.3449 	0
0.3469 	0
0.3489 	0
0.3509 	0
0.3529 	0
0.3549 	0
0.3569 	0
0.3589 	0
0.3609 	0
0.3629 	0
0.3649 	0
0.3669 	0
0.3689 	0
0.3709 	0
0.3729 	0
0.3749 	0
0.3769 	0
0.3789 	0
0.3809 	0
0.3829 	0
0.3849 	0
0.3869 	0
0.3889 	0
0.3909 	0
0.3929 	0
0.3949 	0
0.3969 	0
0.3989 	0
0.4009 	0
0.4029 	0
0.4049 	0
0.4069 	0
0.4089 	0
0.4109 	0
0.4129 	0
0.4149 	0
0.4169 	0
0.4189 	0
0.4209 	0
0.4229 	0
0.4249 	0
0.4269 	0
0.4289 	0
0.4309 	0
0.4329 	0
0.4349 	1
0.4369 	2
0.4389 	0
0.4409 	0
0.4429 	0
0.4449 	0
0.4469 	1214
0.4489 	21506
0.4509 	31952
0.4529 	5424
0.4549 	76
0.4569 	1
0.4589 	1
0.4609 	4
0.4629 	7
0.4649 	25
0.4669 	136
0.4689 	364
0.4709 	751
0.4729 	984
0.4749 	1261
0.4769 	1494
0.4789 	2132
0.4809 	3656
0.4829 	5187
0.4849 	2848
0.4869 	29
0.4889 	0
0.4909 	0
0.4929 	0
0.4949 	0
0.4969 	0
0.4989 	0
0.5009 	0
0.5029 	0
0.5049 	34032
0.5069 	25761
0.5089 	2556
0.5109 	2766
0.5129 	3226
0.5149 	3278
0.5169 	6016
0.5189 	11197
0.5209 	11858
0.5229 	10476
0.5249 	10523
0.5269 	13859
0.5289 	16412
0.5309 	10784
0.5329 	1563
0.5349 	54
0.5369 	18
0.5389 	16
0.5409 	15
0.5429 	25
0.5449 	160
0.5469 	12043
0.5489 	31886
0.5509 	17981
0.5529 	1536
0.5549 	10
0.5569 	6
0.5589 	6
0.5609 	9
0.5629 	104
0.5649 	1319
0.5669 	2967
0.5689 	2065
0.5709 	646
0.5729 	111
0.5749 	39
0.5769 	16
0.5789 	37
0.5809 	49
0.5829 	36
0.5849 	23
0.5869 	48
0.5889 	308
0.5909 	3979
0.5929 	8292
0.5949 	3746
0.5969 	1799
0.5989 	1521
0.6009 	1821
0.6029 	2914
0.6049 	3481
0.6069 	2924
0.6089 	2032
0.6109 	1385
0.6129 	1064
0.6149 	688
0.6169 	440
0.6189 	396
0.6209 	487
0.6229 	603
0.6249 	842
0.6269 	1330
0.6289 	2135
0.6309 	3059
0.6329 	3179
0.6349 	1945
0.6369 	602
0.6389 	89
0.6409 	57
0.6429 	71
0.6449 	87
0.6469 	124
0.6489 	144
0.6509 	157
0.6529 	139
0.6549 	201
0.6569 	599
0.6589 	2439
0.6609 	6221
0.6629 	9301
0.6649 	9715
0.6669 	8857
0.6689 	7785
0.6709 	7059
0.6729 	6585
0.6749 	6023
0.6769 	5487
0.6789 	5185
0.6809 	4579
0.6829 	4368
0.6849 	4539
0.6869 	5259
0.6889 	5969
0.6909 	6378
0.6929 	5893
0.6949 	4374
0.6969 	2661
0.6989 	1575
0.7009 	982
0.7029 	628
0.7049 	407
0.7069 	300
0.7089 	251
0.7109 	205
0.7129 	183
0.7149 	164
0.7169 	343
0.7189 	695
0.7209 	1214
0.7229 	2040
0.7249 	2999
0.7269 	3689
0.7289 	3737
0.7309 	3476
0.7329 	2785
0.7349 	2247
0.7369 	1593
0.7389 	1120
0.7409 	821
0.7429 	608
0.7449 	490
0.7469 	466
0.7489 	524
0.7509 	656
0.7529 	935
0.7549 	1244
0.7569 	1510
0.7589 	1540
0.7609 	1591
0.7629 	1558
0.7649 	1650
0.7669 	1823
0.7689 	1878
0.7709 	1794
0.7729 	1571
0.7749 	1292
0.7769 	997
0.7789 	726
0.7809 	608
0.7829 	528
0.7849 	491
0.7869 	477
0.7889 	376
0.7909 	325
0.7929 	264
0.7949 	247
0.7969 	264
0.7989 	382
0.8009 	570
0.8029 	918
0.8049 	1477
0.8069 	2529
0.8089 	4234
0.8109 	6781
0.8129 	10120
0.8149 	13960
0.8169 	16864
0.8189 	15366
0.8209 	11551
0.8229 	7595
0.8249 	5144
0.8269 	4006
0.8289 	3546
0.8309 	3933
0.8329 	4554
0.8349 	5832
0.8369 	7612
0.8389 	10245
0.8409 	12110
0.8429 	13107
0.8449 	13013
0.8469 	12886
0.8489 	11973
0.8509 	10955
0.8529 	8827
0.8549 	5898
0.8569 	4189
0.8589 	5304
0.8609 	8150
0.8629 	10626
0.8649 	12492
0.8669 	13551
0.8689 	13351
0.8709 	11397
0.8729 	9737
0.8749 	8603
0.8769 	9754
0.8789 	17345
0.8809 	21180
0.8829 	24898
0.8849 	16851
0.8869 	12675
0.8889 	10664
0.8909 	10848
0.8929 	11965
0.8949 	12513
0.8969 	10770
0.8989 	9669
0.9009 	13985
0.9029 	28543
0.9049 	20096
0.9069 	16181
0.9089 	13148
0.9109 	10271
0.9129 	8233
0.9149 	6506
0.9169 	4720
0.9189 	3595
0.9209 	2686
0.9229 	1645
0.9249 	764
0.9269 	354
0.9289 	170
0.9309 	138
0.9329 	145
0.9349 	164
0.9369 	45872
0.9389 	14501
0.9409 	21
0.9429 	24
0.9449 	350
0.9469 	5362
0.9489 	13731
0.9509 	6300
0.9529 	3526
0.9549 	5186
0.9569 	5564
0.9589 	3638
0.9609 	1671
0.9629 	721
0.9649 	356
0.9669 	216
0.9689 	138
0.9709 	130
0.9729 	90
0.9749 	108
0.9769 	72
0.9789 	70
0.9809 	53
0.9829 	25
0.9849 	6
0.9869 	11
0.9889 	37
0.9909 	184
0.9929 	352
0.9949 	232
0.9969 	120
0.9989 	73
1.0009 	38
1.0029 	31
1.0049 	37
1.0069 	25
1.0089 	23
1.0109 	35
1.0129 	28
1.0149 	32
1.0169 	25
1.0189 	18
1.0209 	8
1.0229 	8
1.0249 	14
1.0269 	19
1.0289 	20
1.0309 	109
1.0329 	886
1.0349 	1896
1.0369 	1504
1.0389 	965
1.0409 	633
1.0429 	498
1.0449 	422
1.0469 	456
1.0489 	762
1.0509 	1237
1.0529 	1723
1.0549 	1702
1.0569 	1327
1.0589 	962
1.0609 	915
1.0629 	1504
1.0649 	2544
1.0669 	3608
1.0689 	4393
1.0709 	3946
1.0729 	3114
1.0749 	2505
1.0769 	2861
1.0789 	6316
1.0809 	13880
1.0829 	15656
1.0849 	13559
1.0869 	11309
1.0889 	8175
1.0909 	5004
1.0929 	3272
1.0949 	3197
1.0969 	3125
1.0989 	2587
1.1009 	1952
1.1029 	1527
1.1049 	1202
1.1069 	1069
1.1089 	1274
1.1109 	1540
1.1129 	1358
1.1149 	955
1.1169 	602
1.1189 	310
1.1209 	164
1.1229 	163
1.1249 	143
1.1269 	77
1.1289 	64
1.1309 	86
1.1329 	99
1.1349 	80
1.1369 	71
1.1389 	94
1.1409 	42
1.1429 	38
1.1449 	34
1.1469 	49
1.1489 	133
1.1509 	441
1.1529 	314
1.1549 	147
1.1569 	70
1.1589 	64
1.1609 	38
1.1629 	22
1.1649 	21
1.1669 	14
1.1689 	16
1.1709 	12
1.1729 	20
1.1749 	31
1.1769 	31
1.1789 	22
1.1809 	24
1.1829 	31
1.1849 	18
1.1869 	25
1.1889 	27
1.1909 	13
1.1929 	20
1.1949 	22
1.1969 	49
1.1989 	95
1.2009 	192
1.2029 	370
1.2049 	366
1.2069 	346
1.2089 	308
1.2109 	429
1.2129 	657
1.2149 	844
1.2169 	983
1.2189 	880
1.2209 	744
1.2229 	684
1.2249 	739
1.2269 	944
1.2289 	1047
1.2309 	847
1.2329 	903
1.2349 	1697
1.2369 	5792
1.2389 	10863
1.2409 	10469
1.2429 	7547
1.2449 	4571
1.2469 	58159
1.2489 	0
1.2509 	0
1.2529 	0
1.2549 	0
1.2569 	0
1.2589 	0
1.2609 	0
1.2629 	0
1.2649 	0
1.2669 	0
1.2689 	0
1.2709 	0
1.2729 	7
1.2749 	306
1.2769 	10945
1.2789 	12511
1.2809 	1152
1.2829 	239
1.2849 	532
1.2869 	426
1.2889 	209
1.2909 	47
1.2929 	1
1.2949 	0
1.2969 	0
1.2989 	219
1.3009 	61244
1.3029 	88
1.3049 	50
1.3069 	10556
1.3089 	1624
1.3109 	35
1.3129 	17
1.3149 	15
1.3169 	18
1.3189 	9
1.3209 	15
1.3229 	56
1.3249 	59
1.3269 	32
1.3289 	10
1.3309 	9
1.3329 	12
1.3349 	17
1.3369 	15
1.3389 	12
1.3409 	35
1.3429 	7848
1.3449 	67412
1.3469 	3046
1.3489 	7
1.3509 	0
1.3529 	0
1.3549 	0
1.3569 	11
1.3589 	70
1.3609 	214
1.3629 	337
1.3649 	291
1.3669 	164
1.3689 	80
1.3709 	136
1.3729 	250
1.3749 	197
1.3769 	83
1.3789 	55
1.3809 	25
1.3829 	33
1.3849 	47
1.3869 	102
1.3889 	197
1.3909 	59
1.3929 	14
1.3949 	14
1.3969 	23
1.3989 	45
1.4009 	73
1.4029 	42
1.4049 	14
1.4069 	10
1.4089 	5
1.4109 	1
1.4129 	6
1.4149 	18
1.4169 	24
1.4189 	35
1.4209 	49
1.4229 	173
1.4249 	378
1.4269 	403
1.4289 	227
1.4309 	198
1.4329 	287
1.4349 	235
1.4369 	68
1.4389 	41
1.4409 	165
1.4429 	830
1.4449 	823
1.4469 	238
1.4489 	27
1.4509 	6
1.4529 	16
1.4549 	14
1.4569 	16
1.4589 	13
1.4609 	27
1.4629 	29
1.4649 	38
1.4669 	30
1.4689 	27
1.4709 	7
1.4729 	14
1.4749 	11
1.4769 	7
1.4789 	28
1.4809 	28
1.4829 	33
1.4849 	30
1.4869 	38
1.4889 	35
1.4909 	31
1.4929 	35
1.4949 	32
1.4969 	32
1.4989 	27
1.5009 	24
1.5029 	15
1.5049 	12
1.5069 	12
1.5089 	11
1.5109 	16
1.5129 	17
1.5149 	15
1.5169 	19
1.5189 	24
1.5209 	31
1.5229 	30
1.5249 	37
1.5269 	33
1.5289 	25
1.5309 	14
1.5329 	8
1.5349 	8
1.5369 	13
1.5389 	14
1.5409 	15
1.5429 	5
1.5449 	10
1.5469 	16
1.5489 	23
1.5509 	18
1.5529 	25
1.5549 	26
1.5569 	46
1.5589 	29
1.5609 	20
1.5629 	14
1.5649 	19
1.5669 	26
1.5689 	18
1.5709 	18
1.5729 	32
1.5749 	19
1.5769 	18
1.5789 	22
1.5809 	48
1.5829 	79
1.5849 	94
1.5869 	77
1.5889 	64
1.5909 	41
1.5929 	40
1.5949 	34
1.5969 	19
1.5989 	17
1.6009 	23
1.6029 	19
1.6049 	15
1.6069 	15
1.6089 	20
1.6109 	25
1.6129 	24
1.6149 	15
1.6169 	29
1.6189 	33
1.6209 	21
1.6229 	33
1.6249 	36
1.6269 	43
1.6289 	17
1.6309 	13
1.6329 	15
1.6349 	20
1.6369 	16
1.6389 	11
1.6409 	24
1.6429 	23
1.6449 	13
1.6469 	34
1.6489 	25
1.6509 	41
1.6529 	29
1.6549 	27
1.6569 	46
1.6589 	42
1.6609 	62
1.6629 	51
1.6649 	46
1.6669 	53
1.6689 	54
1.6709 	34
1.6729 	30
1.6749 	48
1.6769 	55
1.6789 	45
1.6809 	49
1.6829 	44
1.6849 	38
1.6869 	36
1.6889 	36
1.6909 	22
1.6929 	33
1.6949 	29
1.6969 	17
1.6989 	24
1.7009 	16
1.7029 	20
1.7049 	22
1.7069 	11
1.7089 	14
1.7109 	11
1.7129 	14
1.7149 	22
1.7169 	23
1.7189 	15
1.7209 	13
1.7229 	12
1.7249 	6
1.7269 	15
1.7289 	13
1.7309 	16
1.7329 	10
1.7349 	16
1.7369 	15
1.7389 	22
1.7409 	15
1.7429 	17
1.7449 	13
1.7469 	8
1.7489 	20
1.7509 	8
1.7529 	16
1.7549 	13
1.7569 	9
1.7589 	14
1.7609 	11
1.7629 	13
1.7649 	14
1.7669 	22
1.7689 	16
1.7709 	21
1.7729 	22
1.7749 	14
1.7769 	12
1.7789 	9
1.7809 	9
1.7829 	13
1.7849 	9
1.7869 	12
1.7889 	11
1.7909 	10
1.7929 	6
1.7949 	11
1.7969 	2
1.7989 	14
1.8009 	5
1.8029 	8
1.8049 	6
1.8069 	11
1.8089 	10
1.8109 	7
1.8129 	11
1.8149 	6
1.8169 	6
1.8189 	2
1.8209 	4
1.8229 	8
1.8249 	8
1.8269 	8
1.8289 	4
1.8309 	8
1.8329 	24
1.8349 	10
1.8369 	7
1.8389 	2
1.8409 	3
1.8429 	5
1.8449 	4
1.8469 	8
1.8489 	9
1.8509 	5
1.8529 	2
1.8549 	3
1.8569 	7
1.8589 	9
1.8609 	3
1.8629 	12
1.8649 	11
1.8669 	8
1.8689 	7
1.8709 	5
1.8729 	9
1.8749 	8
1.8769 	9
1.8789 	11
1.8809 	5
1.8829 	10
1.8849 	5
1.8869 	5
1.8889 	8
1.8909 	5
1.8929 	5
1.8949 	17
1.8969 	11
1.8989 	6
1.9009 	6
1.9029 	3
1.9049 	3
1.9069 	5
1.9089 	11
1.9109 	6
1.9129 	4
1.9149 	4
1.9169 	5
1.9189 	2
1.9209 	2
1.9229 	1
1.9249 	2
1.9269 	1
1.9289 	4
1.9309 	6
1.9329 	10
1.9349 	10
1.9369 	7
1.9389 	6
1.9409 	5
1.9429 	4
1.9449 	4
1.9469 	4
1.9489 	5
1.9509 	4
1.9529 	4
1.9549 	3
1.9569 	7
1.9589 	2
1.9609 	4
1.9629 	6
1.9649 	9
1.9669 	2
1.9689 	9
1.9709 	7
1.9729 	4
1.9749 	7
1.9769 	5
1.9789 	13
1.9809 	5
1.9829 	2
1.9849 	8
1.9869 	4
1.9889 	3
1.9909 	8
1.9929 	10
1.9949 	8
1.9969 	12
1.9989 	2
2.0009 	8
2.0029 	4
2.0049 	6
2.0069 	5
2.0089 	5
2.0109 	4
2.0129 	4
2.0149 	5
2.0169 	5
2.0189 	4
2.0209 	14
2.0229 	5
2.0249 	2
2.0269 	5
2.0289 	3
2.0309 	9
2.0329 	4
2.0349 	0
2.0369 	2
2.0389 	5
2.0409 	7
2.0429 	4
2.0449 	8
2.0469 	3
2.0489 	6
2.0509 	5
2.0529 	4
2.0549 	5
2.0569 	9
2.0589 	6
2.0609 	10
2.0629 	9
2.0649 	10
2.0669 	2
2.0689 	12
2.0709 	7
2.0729 	8
2.0749 	4
2.0769 	6
2.0789 	4
2.0809 	1
2.0829 	3
2.0849 	7
2.0869 	0
2.0889 	1
2.0909 	1
2.0929 	2
2.0949 	3
2.0969 	2
2.0989 	0
2.1009 	1
2.1029 	9
2.1049 	7
2.1069 	9
2.1089 	4
2.1109 	2
2.1129 	2
2.1149 	1
2.1169 	5
2.1189 	8
2.1209 	2
2.1229 	3
2.1249 	6
2.1269 	8
2.1289 	8
2.1309 	7
2.1329 	11
2.1349 	11
2.1369 	4
2.1389 	1
2.1409 	1
2.1429 	4
2.1449 	3
2.1469 	8
2.1489 	9
2.1509 	9
2.1529 	2
2.1549 	3
2.1569 	3
2.1589 	3
2.1609 	6
2.1629 	2
2.1649 	2
2.1669 	10
2.1689 	10
2.1709 	4
2.1729 	4
2.1749 	4
2.1769 	0
2.1789 	4
2.1809 	2
2.1829 	1
2.1849 	3
2.1869 	9
2.1889 	11
2.1909 	12
2.1929 	9
2.1949 	5
2.1969 	3
2.1989 	3
2.2009 	9
2.2029 	4
2.2049 	12
2.2069 	4
2.2089 	6
2.2109 	6
2.2129 	7
2.2149 	7
2.2169 	5
2.2189 	4
2.2209 	6
2.2229 	3
2.2249 	3
2.2269 	0
2.2289 	12
2.2309 	16
2.2329 	8
2.2349 	7
2.2369 	6
2.2389 	0
2.2409 	2
2.2429 	2
2.2449 	1
2.2469 	2
2.2489 	2
2.2509 	2
2.2529 	1
2.2549 	5
2.2569 	5
2.2589 	6
2.2609 	5
2.2629 	3
2.2649 	3
2.2669 	3
2.2689 	3
2.2709 	4
2.2729 	3
2.2749 	1
2.2769 	3
2.2789 	9
2.2809 	7
2.2829 	8
2.2849 	3
2.2869 	4
2.2889 	10
2.2909 	9
2.2929 	6
2.2949 	1
2.2969 	2
2.2989 	5
2.3009 	11
2.3029 	7
2.3049 	5
2.3069 	7
2.3089 	10
2.3109 	8
2.3129 	8
2.3149 	2
2.3169 	3
2.3189 	1
2.3209 	0
2.3229 	1
2.3249 	2
2.3269 	3
2.3289 	3
2.3309 	1
2.3329 	0
2.3349 	0
2.3369 	4
2.3389 	1
2.3409 	5
2.3429 	0
2.3449 	4
2.3469 	1
2.3489 	8
2.3509 	11
2.3529 	6
2.3549 	3
2.3569 	3
2.3589 	1
2.3609 	5
2.3629 	3
2.3649 	2
2.3669 	6
2.3689 	9
2.3709 	7
2.3729 	0
2.3749 	3
2.3769 	3
2.3789 	4
2.3809 	3
2.3829 	3
2.3849 	5
2.3869 	3
2.3889 	8
2.3909 	1
2.3929 	7
2.3949 	2
2.3969 	4
2.3989 	6
2.4009 	1
2.4029 	2
2.4049 	1
2.4069 	5
2.4089 	6
2.4109 	7
2.4129 	6
2.4149 	3
2.4169 	12
2.4189 	13
2.4209 	5
2.4229 	4
2.4249 	14
2.4269 	14
2.4289 	7
2.4309 	8
2.4329 	5
2.4349 	3
2.4369 	6
2.4389 	3
2.4409 	7
2.4429 	5
2.4449 	11
2.4469 	6
2.4489 	11
2.4509 	11
2.4529 	8
2.4549 	15
2.4569 	11
2.4589 	9
2.4609 	12
2.4629 	13
2.4649 	20
2.4669 	15
2.4689 	21
2.4709 	12
2.4729 	14
2.4749 	15
2.4769 	10
2.4789 	8
2.4809 	12
2.4829 	10
2.4849 	6
2.4869 	4
2.4889 	4
2.4909 	3
2.4929 	6
2.4949 	7
2.4969 	3
2.4989 	9
2.5009 	5
2.5029 	4
2.5049 	5
2.5069 	9
2.5089 	11
2.5109 	5
2.5129 	8
2.5149 	5
2.5169 	5
2.5189 	2
2.5209 	4
2.5229 	12
2.5249 	5
2.5269 	6
2.5289 	7
2.5309 	7
2.5329 	1
2.5349 	3
2.5369 	10
2.5389 	8
2.5409 	12
2.5429 	22
2.5449 	18
2.5469 	19
2.5489 	13
2.5509 	9
2.5529 	12
2.5549 	16
2.5569 	10
2.5589 	13
2.5609 	21
2.5629 	19
2.5649 	21
2.5669 	21
2.5689 	9
2.5709 	12
2.5729 	18
2.5749 	7
2.5769 	9
2.5789 	18
2.5809 	10
2.5829 	20
2.5849 	11
2.5869 	29
2.5889 	22
2.5909 	20
2.5929 	8
2.5949 	16
2.5969 	21
2.5989 	18
2.6009 	14
2.6029 	27
2.6049 	21
2.6069 	20
2.6089 	25
2.6109 	25
2.6129 	41
2.6149 	68
2.6169 	42
2.6189 	31
2.6209 	25
2.6229 	15
2.6249 	18
2.6269 	14
2.6289 	11
2.6309 	6
2.6329 	17
2.6349 	8
2.6369 	18
2.6389 	12
2.6409 	9
2.6429 	6
2.6449 	6
2.6469 	5
2.6489 	2
2.6509 	6
2.6529 	4
2.6549 	6
2.6569 	5
2.6589 	4
2.6609 	1
2.6629 	11
2.6649 	5
2.6669 	5
2.6689 	2
2.6709 	4
2.6729 	5
2.6749 	1
2.6769 	1
2.6789 	3
2.6809 	11
2.6829 	14
2.6849 	20
2.6869 	18
2.6889 	9
2.6909 	4
2.6929 	3
2.6949 	5
2.6969 	5
2.6989 	7
2.7009 	4
2.7029 	3
2.7049 	1
2.7069 	2
2.7089 	7
2.7109 	5
2.7129 	4
2.7149 	4
2.7169 	3
2.7189 	1
2.7209 	1
2.7229 	9
2.7249 	6
2.7269 	4
2.7289 	5
2.7309 	2
2.7329 	5
2.7349 	0
2.7369 	2
2.7389 	3
2.7409 	1
2.7429 	5
2.7449 	4
2.7469 	1
2.7489 	7
2.7509 	4
2.7529 	7
2.7549 	3
2.7569 	7
2.7589 	6
2.7609 	4
2.7629 	1
2.7649 	4
2.7669 	3
2.7689 	1
2.7709 	0
2.7729 	5
2.7749 	4
2.7769 	2
2.7789 	3
2.7809 	1
2.7829 	1
2.7849 	4
2.7869 	2
2.7889 	6
2.7909 	1
2.7929 	2
2.7949 	1
2.7969 	1
2.7989 	2
2.8009 	6
2.8029 	11
2.8049 	11
2.8069 	3
2.8089 	5
2.8109 	4
2.8129 	1
2.8149 	1
2.8169 	0
2.8189 	4
2.8209 	5
2.8229 	4
2.8249 	4
2.8269 	5
2.8289 	1
2.8309 	0
2.8329 	2
2.8349 	4
2.8369 	4
2.8389 	0
2.8409 	0
2.8429 	3
2.8449 	8
2.8469 	8
2.8489 	1
2.8509 	2
2.8529 	5
2.8549 	3
2.8569 	4
2.8589 	0
2.8609 	4
2.8629 	4
2.8649 	2
2.8669 	4
2.8689 	5
2.8709 	2
2.8729 	2
2.8749 	7
2.8769 	5
2.8789 	5
2.8809 	2
2.8829 	5
2.8849 	3
2.8869 	7
2.8889 	9
2.8909 	10
2.8929 	5
2.8949 	6
2.8969 	1
2.8989 	5
2.9009 	5
2.9029 	5
2.9049 	8
2.9069 	3
2.9089 	7
2.9109 	3
2.9129 	1
2.9149 	4
2.9169 	7
2.9189 	2
2.9209 	3
2.9229 	3
2.9249 	4
2.9269 	1
2.9289 	9
2.9309 	6
2.9329 	2
2.9349 	3
2.9369 	2
2.9389 	2
2.9409 	2
2.9429 	2
2.9449 	5
2.9469 	8
2.9489 	3
2.9509 	1
2.9529 	1
2.9549 	0
2.9569 	2
2.9589 	1
2.9609 	0
2.9629 	0
2.9649 	3
2.9669 	3
2.9689 	2
2.9709 	3
2.9729 	0
2.9749 	0
2.9769 	3
2.9789 	2
2.9809 	4
2.9829 	2
2.9849 	0
2.9869 	0
2.9889 	3
2.9909 	2
2.9929 	1
2.9949 	1
2.9969 	3
2.9989 	1
3.0009 	2
3.0029 	4
3.0049 	1
3.0069 	5
3.0089 	4
3.0109 	2
3.0129 	3
3.0149 	2
3.0169 	0
3.0189 	0
3.0209 	0
3.0229 	0
3.0249 	2
3.0269 	1
3.0289 	2
3.0309 	0
3.0329 	1
3.0349 	2
3.0369 	4
3.0389 	8
3.0409 	3
3.0429 	3
3.0449 	6
3.0469 	3
3.0489 	2
3.0509 	6
3.0529 	1
3.0549 	7
3.0569 	7
3.0589 	10
3.0609 	11
3.0629 	6
3.0649 	6
3.0669 	5
3.0689 	7
3.0709 	6
3.0729 	7
3.0749 	10
3.0769 	3
3.0789 	3
3.0809 	6
3.0829 	4
3.0849 	3
3.0869 	6
3.0889 	0
3.0909 	6
3.0929 	3
3.0949 	2
3.0969 	1
3.0989 	2
3.1009 	7
3.1029 	1
3.1049 	2
3.1069 	2
3.1089 	6
3.1109 	3
3.1129 	6
3.1149 	4
3.1169 	5
3.1189 	7
3.1209 	7
3.1229 	5
3.1249 	9
3.1269 	6
3.1289 	9
3.1309 	13
3.1329 	9
3.1349 	4
3.1369 	9
3.1389 	3
3.1409 	5
3.1429 	7
3.1449 	3
3.1469 	8
3.1489 	7
3.1509 	6
3.1529 	9
3.1549 	12
3.1569 	9
3.1589 	5
3.1609 	9
3.1629 	7
3.1649 	6
3.1669 	12
3.1689 	8
3.1709 	5
3.1729 	8
3.1749 	7
3.1769 	10
3.1789 	9
3.1809 	0
3.1829 	2
3.1849 	2
3.1869 	5
3.1889 	6
3.1909 	11
3.1929 	3
3.1949 	2
3.1969 	0
3.1989 	1
3.2009 	1
3.2029 	1
3.2049 	3
3.2069 	3
3.2089 	7
3.2109 	5
3.2129 	6
3.2149 	5
3.2169 	8
3.2189 	8
3.2209 	3
3.2229 	3
3.2249 	6
3.2269 	5
3.2289 	6
3.2309 	9
3.2329 	12
3.2349 	5
3.2369 	2
3.2389 	1
3.2409 	1
3.2429 	3
3.2449 	1
3.2469 	7
3.2489 	2
3.2509 	6
3.2529 	4
3.2549 	2
3.2569 	4
3.2589 	3
3.2609 	4
3.2629 	3
3.2649 	0
3.2669 	1
3.2689 	1
3.2709 	3
3.2729 	8
3.2749 	3
3.2769 	2
3.2789 	3
3.2809 	3
3.2829 	4
3.2849 	1
3.2869 	1
3.2889 	3
3.2909 	3
3.2929 	1
3.2949 	1
3.2969 	1
3.2989 	0
3.3009 	0
3.3029 	0
3.3049 	2
3.3069 	2
3.3089 	3
3.3109 	1
3.3129 	6
3.3149 	3
3.3169 	2
3.3189 	2
3.3209 	3
3.3229 	2
3.3249 	4
3.3269 	4
3.3289 	1
3.3309 	1
3.3329 	5
3.3349 	4
3.3369 	2
3.3389 	1
3.3409 	6
3.3429 	4
3.3449 	4
3.3469 	7
3.3489 	3
3.3509 	5
3.3529 	4
3.3549 	4
3.3569 	2
3.3589 	3
3.3609 	2
3.3629 	2
3.3649 	0
3.3669 	2
3.3689 	1
3.3709 	0
3.3729 	4
3.3749 	7
3.3769 	2
3.3789 	2
3.3809 	1
3.3829 	0
3.3849 	0
3.3869 	3
3.3889 	6
3.3909 	1
3.3929 	2
3.3949 	4
3.3969 	0
3.3989 	2
3.4009 	3
3.4029 	6
3.4049 	2
3.4069 	2
3.4089 	7
3.4109 	5
3.4129 	7
3.4149 	5
3.4169 	4
3.4189 	2
3.4209 	4
3.4229 	2
3.4249 	4
3.4269 	2
3.4289 	2
3.4309 	4
3.4329 	2
3.4349 	5
3.4369 	3
3.4389 	4
3.4409 	0
3.4429 	1
3.4449 	1
3.4469 	1
3.4489 	2
3.4509 	0
3.4529 	1
3.4549 	1
3.4569 	1
3.4589 	0
3.4609 	0
3.4629 	0
3.4649 	0
3.4669 	2
3.4689 	3
3.4709 	3
3.4729 	3
3.4749 	4
3.4769 	4
3.4789 	3
3.4809 	1
3.4829 	3
3.4849 	3
3.4869 	1
3.4889 	0
3.4909 	3
3.4929 	2
3.4949 	3
3.4969 	4
3.4989 	5
3.5009 	1
3.5029 	1
3.5049 	0
3.5069 	0
3.5089 	2
3.5109 	1
3.5129 	2
3.5149 	1
3.5169 	1
3.5189 	2
3.5209 	1
3.5229 	1
3.5249 	1
3.5269 	1
3.5289 	3
3.5309 	6
3.5329 	6
3.5349 	0
3.5369 	0
3.5389 	4
3.5409 	6
3.5429 	2
3.5449 	6
3.5469 	3
3.5489 	1
3.5509 	2
3.5529 	0
3.5549 	1
3.5569 	0
3.5589 	2
3.5609 	1
3.5629 	1
3.5649 	0
3.5669 	1
3.5689 	0
3.5709 	0
3.5729 	1
3.5749 	0
3.5769 	0
3.5789 	0
3.5809 	2
3.5829 	7
3.5849 	2
3.5869 	1
3.5889 	0
3.5909 	0
3.5929 	1
3.5949 	0
3.5969 	2
3.5989 	2
3.6009 	0
3.6029 	0
3.6049 	0
3.6069 	2
3.6089 	0
3.6109 	0
3.6129 	1
3.6149 	0
3.6169 	0
3.6189 	0
3.6209 	0
3.6229 	1
3.6249 	0
3.6269 	0
3.6289 	0
3.6309 	0
3.6329 	0
3.6349 	2
3.6369 	2
3.6389 	1
3.6409 	2
3.6429 	1
3.6449 	0
3.6469 	1
3.6489 	0
3.6509 	0
3.6529 	0
3.6549 	0
3.6569 	2
3.6589 	2
3.6609 	4
3.6629 	2
3.6649 	3
3.6669 	3
3.6689 	0
3.6709 	0
3.6729 	0
3.6749 	1
3.6769 	3
3.6789 	2
3.6809 	0
3.6829 	1
3.6849 	0
3.6869 	0
3.6889 	1
3.6909 	0
3.6929 	0
3.6949 	0
3.6969 	1
3.6989 	1
3.7009 	0
3.7029 	2
3.7049 	3
3.7069 	4
3.7089 	1
3.7109 	2
3.7129 	1
3.7149 	1
3.7169 	0
3.7189 	0
3.7209 	2
3.7229 	4
3.7249 	2
3.7269 	2
3.7289 	2
3.7309 	2
3.7329 	2
3.7349 	3
3.7369 	3
3.7389 	4
3.7409 	1
3.7429 	0
3.7449 	1
3.7469 	2
3.7489 	0
3.7509 	2
3.7529 	1
3.7549 	0
3.7569 	0
3.7589 	0
3.7609 	2
3.7629 	4
3.7649 	0
3.7669 	2
3.7689 	0
3.7709 	0
3.7729 	1
3.7749 	1
3.7769 	1
3.7789 	0
3.7809 	2
3.7829 	4
3.7849 	0
3.7869 	0
3.7889 	0
3.7909 	0
3.7929 	0
3.7949 	0
3.7969 	0
3.7989 	0
3.8009 	0
3.8029 	0
3.8049 	0
3.8069 	0
3.8089 	2
3.8109 	2
3.8129 	1
3.8149 	0
3.8169 	0
3.8189 	0
3.8209 	3
3.8229 	1
3.8249 	0
3.8269 	1
3.8289 	0
3.8309 	2
3.8329 	0
3.8349 	0
3.8369 	0
3.8389 	0
3.8409 	0
3.8429 	0
3.8449 	4
3.8469 	1
3.8489 	0
3.8509 	0
3.8529 	1
3.8549 	1
3.8569 	0
3.8589 	1
3.8609 	2
3.8629 	3
3.8649 	0
3.8669 	0
3.8689 	0
3.8709 	0
3.8729 	0
3.8749 	0
3.8769 	1
3.8789 	0
3.8809 	1
3.8829 	0
3.8849 	0
3.8869 	0
3.8889 	1
3.8909 	0
3.8929 	2
3.8949 	1
3.8969 	0
3.8989 	0
3.9009 	0
3.9029 	0
3.9049 	0
3.9069 	0
3.9089 	0
3.9109 	0
3.9129 	0
3.9149 	0
3.9169 	1
3.9189 	0
3.9209 	0
3.9229 	0
3.9249 	0
3.9269 	0
3.9289 	0
3.9309 	2
3.9329 	0
3.9349 	2
3.9369 	4
3.9389 	3
3.9409 	3
3.9429 	4
3.9449 	4
3.9469 	0
3.9489 	0
3.9509 	1
3.9529 	0
3.9549 	0
3.9569 	0
3.9589 	2
3.9609 	4
3.9629 	1
3.9649 	3
3.9669 	4
3.9689 	1
3.9709 	2
3.9729 	2
3.9749 	1
3.9769 	0
3.9789 	0
3.9809 	3
3.9829 	2
3.9849 	0
3.9869 	0
3.9889 	0
3.9909 	0
3.9929 	0
3.9949 	2
3.9969 	2
3.9989 	0
4.0009 	2
4.0029 	2
4.0049 	5
4.0069 	3
4.0089 	2
4.0109 	0
4.0129 	0
4.0149 	0
4.0169 	0
4.0189 	0
4.0209 	0
4.0229 	0
4.0249 	0
4.0269 	0
4.0289 	0
4.0309 	0
4.0329 	0
4.0349 	0
4.0369 	0
4.0389 	0
4.0409 	0
4.0429 	0
4.0449 	0
4.0469 	0
4.0489 	1
4.0509 	0
4.0529 	0
4.0549 	0
4.0569 	0
4.0589 	1
4.0609 	1
4.0629 	0
4.0649 	0
4.0669 	0
4.0689 	2
4.0709 	0
4.0729 	1
4.0749 	0
4.0769 	0
4.0789 	0
4.0809 	0
4.0829 	0
4.0849 	2
4.0869 	3
4.0889 	4
4.0909 	2
4.0929 	1
4.0949 	2
4.0969 	0
4.0989 	0
4.1009 	3
4.1029 	0
4.1049 	1
4.1069 	1
4.1089 	2
4.1109 	3
4.1129 	2
4.1149 	0
4.1169 	2
4.1189 	3
4.1209 	2
4.1229 	1
4.1249 	1
4.1269 	1
4.1289 	3
4.1309 	3
4.1329 	2
4.1349 	0
4.1369 	1
4.1389 	2
4.1409 	1
4.1429 	0
4.1449 	0
4.1469 	0
4.1489 	2
4.1509 	0
4.1529 	0
4.1549 	0
4.1569 	0
4.1589 	0
4.1609 	0
4.1629 	0
4.1649 	0
4.1669 	0
4.1689 	0
4.1709 	0
4.1729 	1
4.1749 	0
4.1769 	0
4.1789 	0
4.1809 	0
4.1829 	0
4.1849 	0
4.1869 	0
4.1889 	0
4.1909 	0
4.1929 	2
4.1949 	0
4.1969 	2
4.1989 	0
4.2009 	1
4.2029 	1
4.2049 	3
4.2069 	4
4.2089 	3
4.2109 	2
4.2129 	2
4.2149 	1
4.2169 	1
4.2189 	3
4.2209 	2
4.2229 	1
4.2249 	3
4.2269 	4
4.2289 	3
4.2309 	3
4.2329 	5
4.2349 	2
4.2369 	4
4.2389 	0
4.2409 	0
4.2429 	0
4.2449 	0
4.2469 	0
4.2489 	0
4.2509 	0
4.2529 	0
4.2549 	0
4.2569 	1
4.2589 	0
4.2609 	1
4.2629 	1
4.2649 	3
4.2669 	2
4.2689 	0
4.2709 	0
4.2729 	0
4.2749 	1
4.2769 	1
4.2789 	3
4.2809 	6
4.2829 	5
4.2849 	4
4.2869 	2
4.2889 	0
4.2909 	2
4.2929 	0
4.2949 	0
4.2969 	0
4.2989 	1
4.3009 	0
4.3029 	0
4.3049 	0
4.3069 	0
4.3089 	1
4.3109 	2
4.3129 	5
4.3149 	5
4.3169 	4
4.3189 	3
4.3209 	0
4.3229 	1
4.3249 	1
4.3269 	0
4.3289 	0
4.3309 	0
4.3329 	0
4.3349 	0
4.3369 	0
4.3389 	1
4.3409 	3
4.3429 	2
4.3449 	0
4.3469 	1
4.3489 	2
4.3509 	0
4.3529 	0
4.3549 	0
4.3569 	0
4.3589 	0
4.3609 	0
4.3629 	0
4.3649 	0
4.3669 	0
4.3689 	0
4.3709 	0
4.3729 	0
4.3749 	0
4.3769 	0
4.3789 	0
4.3809 	0
4.3829 	0
4.3849 	1
4.3869 	3
4.3889 	0
4.3909 	0
4.3929 	1
4.3949 	2
4.3969 	0
4.3989 	0
4.4009 	0
4.4029 	0
4.4049 	0
4.4069 	2
4.4089 	0
4.4109 	4
4.4129 	0
4.4149 	0
4.4169 	0
4.4189 	0
4.4209 	1
4.4229 	0
4.4249 	0
4.4269 	2
4.4289 	1
4.4309 	2
4.4329 	0
4.4349 	1
4.4369 	1
4.4389 	0
4.4409 	0
4.4429 	1
4.4449 	3
4.4469 	0
4.4489 	2
4.4509 	1
4.4529 	0
4.4549 	3
4.4569 	5
4.4589 	5
4.4609 	2
4.4629 	0
4.4649 	0
4.4669 	0
4.4689 	1
4.4709 	2
4.4729 	1
4.4749 	0
4.4769 	0
4.4789 	0
4.4809 	0
4.4829 	1
4.4849 	1
4.4869 	0
4.4889 	0
4.4909 	0
4.4929 	0
4.4949 	0
4.4969 	0
4.4989 	1
4.5009 	1
4.5029 	1
4.5049 	3
4.5069 	1
4.5089 	0
4.5109 	0
4.5129 	2
4.5149 	1
4.5169 	0
4.5189 	0
4.5209 	0
4.5229 	0
4.5249 	0
4.5269 	0
4.5289 	2
4.5309 	0
4.5329 	0
4.5349 	0
4.5369 	0
4.5389 	0
4.5409 	2
4.5429 	0
4.5449 	1
4.5469 	1
4.5489 	0
4.5509 	0
4.5529 	0
4.5549 	0
4.5569 	0
4.5589 	0
4.5609 	0
4.5629 	0
4.5649 	0
4.5669 	2
4.5689 	1
4.5709 	6
4.5729 	2
4.5749 	2
4.5769 	0
4.5789 	0
4.5809 	0
4.5829 	0
4.5849 	2
4.5869 	2
4.5889 	1
4.5909 	0
4.5929 	0
4.5949 	0
4.5969 	0
4.5989 	0
4.6009 	0
4.6029 	0
4.6049 	0
4.6069 	0
4.6089 	0
4.6109 	0
4.6129 	0
4.6149 	0
4.6169 	0
4.6189 	0
4.6209 	1
4.6229 	2
4.6249 	1
4.6269 	0
4.6289 	0
4.6309 	1
4.6329 	2
4.6349 	4
4.6369 	2
4.6389 	2
4.6409 	1
4.6429 	0
4.6449 	0
4.6469 	1
4.6489 	0
4.6509 	0
4.6529 	0
4.6549 	0
4.6569 	0
4.6589 	0
4.6609 	0
4.6629 	0
4.6649 	0
4.6669 	1
4.6689 	1
4.6709 	0
4.6729 	0
4.6749 	0
4.6769 	0
4.6789 	0
4.6809 	0
4.6829 	1
4.6849 	3
4.6869 	3
4.6889 	0
4.6909 	0
4.6929 	0
4.6949 	0
4.6969 	0
4.6989 	0
4.7009 	0
4.7029 	0
4.7049 	0
4.7069 	0
4.7089 	0
4.7109 	0
4.7129 	0
4.7149 	5
4.7169 	3
4.7189 	1
4.7209 	0
4.7229 	1
4.7249 	0
4.7269 	0
4.7289 	0
4.7309 	3
4.7329 	2
4.7349 	2
4.7369 	3
4.7389 	2
4.7409 	2
4.7429 	0
4.7449 	0
4.7469 	1
4.7489 	1
4.7509 	2
4.7529 	0
4.7549 	0
4.7569 	2
4.7589 	0
4.7609 	1
4.7629 	1
4.7649 	0
4.7669 	0
4.7689 	0
4.7709 	0
4.7729 	0
4.7749 	0
4.7769 	0
4.7789 	0
4.7809 	0
4.7829 	0
4.7849 	0
4.7869 	0
4.7889 	0
4.7909 	0
4.7929 	0
4.7949 	3
4.7969 	1
4.7989 	0
4.8009 	0
4.8029 	1
4.8049 	2
4.8069 	0
4.8089 	2
4.8109 	0
4.8129 	0
4.8149 	0
4.8169 	0
4.8189 	0
4.8209 	0
4.8229 	0
4.8249 	0
4.8269 	0
4.8289 	0
4.8309 	0
4.8329 	0
4.8349 	0
4.8369 	0
4.8389 	0
4.8409 	0
4.8429 	2
4.8449 	1
4.8469 	0
4.8489 	2
4.8509 	3
4.8529 	1
4.8549 	0
4.8569 	0
4.8589 	0
4.8609 	0
4.8629 	0
4.8649 	0
4.8669 	0
4.8689 	0
4.8709 	0
4.8729 	0
4.8749 	0
4.8769 	0
4.8789 	3
4.8809 	0
4.8829 	0
4.8849 	0
4.8869 	0
4.8889 	0
4.8909 	0
4.8929 	0
4.8949 	0
4.8969 	1
4.8989 	0
4.9009 	0
4.9029 	0
4.9049 	0
4.9069 	0
4.9089 	0
4.9109 	0
4.9129 	0
4.9149 	0
4.9169 	0
4.9189 	0
4.9209 	0
4.9229 	3
4.9249 	2
4.9269 	2
4.9289 	1
4.9309 	0
4.9329 	0
4.9349 	1
4.9369 	0
4.9389 	3
4.9409 	1
4.9429 	0
4.9449 	0
4.9469 	0
4.9489 	0
4.9509 	0
4.9529 	0
4.9549 	0
4.9569 	0
4.9589 	0
4.9609 	0
4.9629 	0
4.9649 	2
4.9669 	2
4.9689 	4
4.9709 	2
4.9729 	0
4.9749 	0
4.9769 	0
4.9789 	0
4.9809 	1
4.9829 	1
4.9849 	0
4.9869 	0
4.9889 	3
4.9909 	2
4.9929 	2
4.9949 	0
4.9969 	0
4.9989 	2
5.0009 	0
5.0029 	0
5.0049 	1
5.0069 	2
5.0089 	0
5.0109 	3
5.0129 	0
5.0149 	0
5.0169 	2
5.0189 	1
5.0209 	0
5.0229 	0
5.0249 	0
5.0269 	0
5.0289 	0
5.0309 	0
5.0329 	0
5.0349 	0
5.0369 	0
5.0389 	1
5.0409 	2
5.0429 	0
5.0449 	0
5.0469 	0
5.0489 	2
5.0509 	0
5.0529 	1
5.0549 	0
5.0569 	1
5.0589 	0
5.0609 	0
5.0629 	1
5.0649 	1
5.0669 	3
5.0689 	2
5.0709 	2
5.0729 	1
5.0749 	0
5.0769 	0
5.0789 	0
5.0809 	0
5.0829 	0
5.0849 	1
5.0869 	1
5.0889 	1
5.0909 	1
5.0929 	1
5.0949 	0
5.0969 	0
5.0989 	0
5.1009 	0
5.1029 	0
5.1049 	0
5.1069 	0
5.1089 	0
5.1109 	3
5.1129 	2
5.1149 	4
5.1169 	1
5.1189 	0
5.1209 	1
5.1229 	2
5.1249 	2
5.1269 	0
5.1289 	0
5.1309 	0
5.1329 	0
5.1349 	1
5.1369 	0
5.1389 	0
5.1409 	1
5.1429 	1
5.1449 	0
5.1469 	2
5.1489 	0
5.1509 	0
5.1529 	0
5.1549 	1
5.1569 	1
5.1589 	0
5.1609 	0
5.1629 	0
5.1649 	0
5.1669 	0
5.1689 	0
5.1709 	0
5.1729 	0
5.1749 	0
5.1769 	0
5.1789 	0
5.1809 	2
5.1829 	1
5.1849 	0
5.1869 	0
5.1889 	0
5.1909 	2
5.1929 	1
5.1949 	0
5.1969 	0
5.1989 	0
5.2009 	0
5.2029 	2
5.2049 	0
5.2069 	1
5.2089 	0
5.2109 	0
5.2129 	2
5.2149 	1
5.2169 	0
5.2189 	0
5.2209 	0
5.2229 	0
5.2249 	0
5.2269 	3
5.2289 	1
5.2309 	0
5.2329 	0
5.2349 	0
5.2369 	0
5.2389 	0
5.2409 	0
5.2429 	0
5.2449 	1
5.2469 	0
5.2489 	0
5.2509 	1
5.2529 	2
5.2549 	0
5.2569 	0
5.2589 	0
5.2609 	1
5.2629 	1
5.2649 	0
5.2669 	1
5.2689 	3
5.2709 	1
5.2729 	0
5.2749 	0
5.2769 	0
5.2789 	0
5.2809 	0
5.2829 	0
5.2849 	0
5.2869 	0
5.2889 	0
5.2909 	0
5.2929 	0
5.2949 	0
5.2969 	0
5.2989 	2
5.3009 	1
5.3029 	0
5.3049 	0
5.3069 	0
5.3089 	0
5.3109 	1
5.3129 	2
5.3149 	1
5.3169 	2
5.3189 	2
5.3209 	2
5.3229 	0
5.3249 	0
5.3269 	0
5.3289 	0
5.3309 	0
5.3329 	0
5.3349 	0
5.3369 	0
5.3389 	0
5.3409 	0
5.3429 	0
5.3449 	1
5.3469 	2
5.3489 	2
5.3509 	0
5.3529 	0
5.3549 	0
5.3569 	0
5.3589 	0
5.3609 	3
5.3629 	2
5.3649 	0
5.3669 	0
5.3689 	0
5.3709 	0
5.3729 	0
5.3749 	0
5.3769 	1
5.3789 	0
5.3809 	2
5.3829 	1
5.3849 	1
5.3869 	0
5.3889 	0
5.3909 	0
5.3929 	1
5.3949 	0
5.3969 	1
5.3989 	2
5.4009 	3
5.4029 	3
5.4049 	3
5.4069 	2
5.4089 	0
5.4109 	0
5.4129 	0
5.4149 	0
5.4169 	1
5.4189 	1
5.4209 	1
5.4229 	1
5.4249 	0
5.4269 	0
5.4289 	0
5.4309 	0
5.4329 	0
5.4349 	0
5.4369 	0
5.4389 	3
5.4409 	4
5.4429 	4
5.4449 	1
5.4469 	0
5.4489 	0
5.4509 	1
5.4529 	0
5.4549 	1
5.4569 	3
5.4589 	3
5.4609 	2
5.4629 	0
5.4649 	0
5.4669 	0
5.4689 	2
5.4709 	1
5.4729 	0
5.4749 	0
5.4769 	0
5.4789 	0
5.4809 	0
5.4829 	0
5.4849 	0
5.4869 	0
5.4889 	0
5.4909 	0
5.4929 	0
5.4949 	0
5.4969 	0
5.4989 	0
5.5009 	0
5.5029 	0
5.5049 	0
5.5069 	0
5.5089 	0
5.5109 	0
5.5129 	1
5.5149 	1
5.5169 	2
5.5189 	2
5.5209 	0
5.5229 	1
5.5249 	1
5.5269 	0
5.5289 	1
5.5309 	2
5.5329 	2
5.5349 	1
5.5369 	1
5.5389 	0
5.5409 	0
5.5429 	0
5.5449 	0
5.5469 	0
5.5489 	0
5.5509 	0
5.5529 	0
5.5549 	0
5.5569 	0
5.5589 	0
5.5609 	0
5.5629 	0
5.5649 	0
5.5669 	0
5.5689 	0
5.5709 	1
5.5729 	3
5.5749 	1
5.5769 	0
5.5789 	0
5.5809 	1
5.5829 	0
5.5849 	1
5.5869 	1
5.5889 	0
5.5909 	2
5.5929 	1
5.5949 	2
5.5969 	1
5.5989 	1
5.6009 	0
5.6029 	2
5.6049 	2
5.6069 	0
5.6089 	0
5.6109 	0
5.6129 	0
5.6149 	0
5.6169 	0
5.6189 	1
5.6209 	2
5.6229 	6
5.6249 	1
5.6269 	3
5.6289 	0
5.6309 	0
5.6329 	1
5.6349 	1
5.6369 	0
5.6389 	2
5.6409 	1
5.6429 	3
5.6449 	0
5.6469 	2
5.6489 	3
5.6509 	2
5.6529 	1
5.6549 	1
5.6569 	0
5.6589 	0
5.6609 	0
5.6629 	0
5.6649 	0
5.6669 	0
5.6689 	0
5.6709 	0
5.6729 	1
5.6749 	0
5.6769 	0
5.6789 	1
5.6809 	1
5.6829 	1
5.6849 	0
5.6869 	0
5.6889 	0
5.6909 	0
5.6929 	0
5.6949 	0
5.6969 	0
5.6989 	0
5.7009 	0
5.7029 	0
5.7049 	0
5.7069 	4
5.7089 	4
5.7109 	3
5.7129 	1
5.7149 	0
5.7169 	0
5.7189 	0
5.7209 	0
5.7229 	1
5.7249 	1
5.7269 	0
5.7289 	0
5.7309 	0
5.7329 	0
5.7349 	1
5.7369 	1
5.7389 	0
5.7409 	0
5.7429 	0
5.7449 	0
5.7469 	0
5.7489 	0
5.7509 	0
5.7529 	0
5.7549 	1
5.7569 	2
5.7589 	2
5.7609 	0
5.7629 	0
5.7649 	1
5.7669 	1
5.7689 	0
5.7709 	0
5.7729 	0
5.7749 	0
5.7769 	0
5.7789 	0
5.7809 	0
5.7829 	1
5.7849 	0
5.7869 	0
5.7889 	1
5.7909 	3
5.7929 	0
5.7949 	1
5.7969 	0
5.7989 	2
5.8009 	0
5.8029 	2
5.8049 	0
5.8069 	0
5.8089 	0
5.8109 	1
5.8129 	4
5.8149 	3
5.8169 	0
5.8189 	0
5.8209 	0
5.8229 	0
5.8249 	1
5.8269 	2
5.8289 	0
5.8309 	0
5.8329 	0
5.8349 	2
5.8369 	1
5.8389 	1
5.8409 	0
5.8429 	0
5.8449 	0
5.8469 	1
5.8489 	1
5.8509 	0
5.8529 	0
5.8549 	1
5.8569 	2
5.8589 	2
5.8609 	0
5.8629 	0
5.8649 	0
5.8669 	3
5.8689 	3
5.8709 	2
5.8729 	0
5.8749 	1
5.8769 	3
5.8789 	0
5.8809 	3
5.8829 	1
5.8849 	0
5.8869 	0
5.8889 	0
5.8909 	0
5.8929 	0
5.8949 	1
5.8969 	0
5.8989 	0
5.9009 	0
5.9029 	1
5.9049 	0
5.9069 	0
5.9089 	0
5.9109 	0
5.9129 	0
5.9149 	0
5.9169 	1
5.9189 	0
5.9209 	0
5.9229 	2
5.9249 	3
5.9269 	0
5.9289 	1
5.9309 	0
5.9329 	0
5.9349 	0
5.9369 	0
5.9389 	1
5.9409 	0
5.9429 	1
5.9449 	0
5.9469 	0
5.9489 	0
5.9509 	0
5.9529 	0
5.9549 	0
5.9569 	0
5.9589 	0
5.9609 	0
5.9629 	0
5.9649 	0
5.9669 	0
5.9689 	0
5.9709 	0
5.9729 	0
5.9749 	1
5.9769 	1
5.9789 	1
5.9809 	0
5.9829 	2
5.9849 	0
5.9869 	0
5.9889 	0
5.9909 	1
5.9929 	0
5.9949 	0
5.9969 	2
5.9989 	2
6.0009 	1
6.0029 	0
6.0049 	2
6.0069 	1
6.0089 	2
6.0109 	0
6.0129 	2
6.0149 	0
6.0169 	0
6.0189 	0
6.0209 	0
6.0229 	0
6.0249 	1
6.0269 	2
6.0289 	1
6.0309 	0
6.0329 	0
6.0349 	0
6.0369 	0
6.0389 	0
6.0409 	0
6.0429 	0
6.0449 	3
6.0469 	4
6.0489 	1
6.0509 	1
6.0529 	0
6.0549 	0
6.0569 	0
6.0589 	1
6.0609 	0
6.0629 	0
6.0649 	0
6.0669 	0
6.0689 	0
6.0709 	0
6.0729 	1
6.0749 	3
6.0769 	3
6.0789 	1
6.0809 	1
6.0829 	2
6.0849 	2
6.0869 	4
6.0889 	2
6.0909 	2
6.0929 	2
6.0949 	0
6.0969 	0
6.0989 	0
6.1009 	1
6.1029 	0
6.1049 	0
6.1069 	0
6.1089 	2
6.1109 	3
6.1129 	4
6.1149 	1
6.1169 	3
6.1189 	0
6.1209 	3
6.1229 	3
6.1249 	1
6.1269 	0
6.1289 	0
6.1309 	0
6.1329 	0
6.1349 	0
6.1369 	0
6.1389 	0
6.1409 	0
6.1429 	0
6.1449 	0
6.1469 	0
6.1489 	0
6.1509 	1
6.1529 	1
6.1549 	0
6.1569 	0
6.1589 	0
6.1609 	0
6.1629 	0
6.1649 	0
6.1669 	0
6.1689 	0
6.1709 	0
6.1729 	0
6.1749 	0
6.1769 	0
6.1789 	0
6.1809 	0
6.1829 	1
6.1849 	1
6.1869 	3
6.1889 	2
6.1909 	0
6.1929 	1
6.1949 	0
6.1969 	0
6.1989 	0
6.2009 	0
6.2029 	0
6.2049 	1
6.2069 	2
6.2089 	2
6.2109 	0
6.2129 	0
6.2149 	1
6.2169 	0
6.2189 	0
6.2209 	0
6.2229 	0
6.2249 	0
6.2269 	0
6.2289 	0
6.2309 	0
6.2329 	0
6.2349 	0
6.2369 	0
6.2389 	0
6.2409 	0
6.2429 	0
6.2449 	0
6.2469 	0
6.2489 	0
6.2509 	4
6.2529 	2
6.2549 	1
6.2569 	0
6.2589 	1
6.2609 	2
6.2629 	1
6.2649 	0
6.2669 	0
6.2689 	0
6.2709 	0
6.2729 	0
6.2749 	0
6.2769 	0
6.2789 	0
6.2809 	0
6.2829 	2
6.2849 	0
6.2869 	3
6.2889 	3
6.2909 	1
6.2929 	0
6.2949 	0
6.2969 	0
6.2989 	0
6.3009 	0
6.3029 	1
6.3049 	0
6.3069 	1
6.3089 	0
6.3109 	1
6.3129 	0
6.3149 	0
6.3169 	0
6.3189 	0
6.3209 	0
6.3229 	0
6.3249 	0
6.3269 	0
6.3289 	0
6.3309 	0
6.3329 	0
6.3349 	0
6.3369 	0
6.3389 	2
6.3409 	3
6.3429 	2
6.3449 	2
6.3469 	0
6.3489 	0
6.3509 	0
6.3529 	0
6.3549 	0
6.3569 	1
6.3589 	1
6.3609 	0
6.3629 	0
6.3649 	0
6.3669 	0
6.3689 	0
6.3709 	0
6.3729 	0
6.3749 	0
6.3769 	0
6.3789 	0
6.3809 	1
6.3829 	0
6.3849 	0
6.3869 	0
6.3889 	0
6.3909 	0
6.3929 	2
6.3949 	4
6.3969 	4
6.3989 	0
6.4009 	0
6.4029 	0
6.4049 	1
6.4069 	0
6.4089 	2
6.4109 	3
6.4129 	0
6.4149 	0
6.4169 	0
6.4189 	0
6.4209 	0
6.4229 	0
6.4249 	2
6.4269 	0
6.4289 	2
6.4309 	2
6.4329 	4
6.4349 	3
6.4369 	1
6.4389 	0
6.4409 	0
6.4429 	0
6.4449 	4
6.4469 	4
6.4489 	6
6.4509 	3
6.4529 	1
6.4549 	0
6.4569 	0
6.4589 	0
6.4609 	0
6.4629 	0
6.4649 	2
6.4669 	0
6.4689 	0
6.4709 	1
6.4729 	0
6.4749 	0
6.4769 	1
6.4789 	0
6.4809 	0
6.4829 	1
6.4849 	0
6.4869 	0
6.4889 	0
6.4909 	0
6.4929 	0
6.4949 	0
6.4969 	0
6.4989 	0
6.5009 	0
6.5029 	0
6.5049 	0
6.5069 	0
6.5089 	0
6.5109 	0
6.5129 	0
6.5149 	0
6.5169 	0
6.5189 	0
6.5209 	0
6.5229 	0
6.5249 	0
6.5269 	0
6.5289 	0
6.5309 	0
6.5329 	0
6.5349 	0
6.5369 	3
6.5389 	0
6.5409 	0
6.5429 	0
6.5449 	0
6.5469 	2
6.5489 	1
6.5509 	1
6.5529 	0
6.5549 	0
6.5569 	0
6.5589 	2
6.5609 	2
6.5629 	4
6.5649 	7
6.5669 	4
6.5689 	2
6.5709 	2
6.5729 	0
6.5749 	0
6.5769 	0
6.5789 	0
6.5809 	0
6.5829 	0
6.5849 	0
6.5869 	0
6.5889 	1
6.5909 	0
6.5929 	3
6.5949 	0
6.5969 	0
6.5989 	0
6.6009 	0
6.6029 	0
6.6049 	0
6.6069 	0
6.6089 	0
6.6109 	0
6.6129 	0
6.6149 	0
6.6169 	3
6.6189 	2
6.6209 	1
6.6229 	1
6.6249 	0
6.6269 	0
6.6289 	0
6.6309 	0
6.6329 	1
6.6349 	1
6.6369 	1
6.6389 	2
6.6409 	0
6.6429 	0
6.6449 	0
6.6469 	0
6.6489 	0
6.6509 	0
6.6529 	0
6.6549 	0
6.6569 	0
6.6589 	0
6.6609 	0
6.6629 	0
6.6649 	0
6.6669 	0
6.6689 	0
6.6709 	0
6.6729 	0
6.6749 	1
6.6769 	2
6.6789 	3
6.6809 	2
6.6829 	2
6.6849 	0
6.6869 	0
6.6889 	0
6.6909 	0
6.6929 	0
6.6949 	0
6.6969 	0
6.6989 	0
6.7009 	3
6.7029 	1
6.7049 	0
6.7069 	0
6.7089 	0
6.7109 	0
6.7129 	0
6.7149 	0
6.7169 	0
6.7189 	0
6.7209 	0
6.7229 	0
6.7249 	0
6.7269 	1
6.7289 	0
6.7309 	0
6.7329 	0
6.7349 	0
6.7369 	0
6.7389 	0
6.7409 	0
6.7429 	0
6.7449 	0
6.7469 	1
6.7489 	0
6.7509 	0
6.7529 	1
6.7549 	0
6.7569 	2
6.7589 	0
6.7609 	1
6.7629 	1
6.7649 	0
6.7669 	0
6.7689 	0
6.7709 	0
6.7729 	0
6.7749 	0
6.7769 	0
6.7789 	0
6.7809 	0
6.7829 	0
6.7849 	0
6.7869 	0
6.7889 	0
6.7909 	0
6.7929 	0
6.7949 	0
6.7969 	0
6.7989 	2
6.8009 	5
6.8029 	2
6.8049 	0
6.8069 	0
6.8089 	0
6.8109 	0
6.8129 	1
6.8149 	0
6.8169 	0
6.8189 	1
6.8209 	0
6.8229 	2
6.8249 	0
6.8269 	0
6.8289 	0
6.8309 	0
6.8329 	0
6.8349 	0
6.8369 	0
6.8389 	0
6.8409 	0
6.8429 	3
6.8449 	6
6.8469 	4
6.8489 	0
6.8509 	0
6.8529 	1
6.8549 	2
6.8569 	0
6.8589 	1
6.8609 	0
6.8629 	0
6.8649 	3
6.8669 	0
6.8689 	0
6.8709 	0
6.8729 	0
6.8749 	0
6.8769 	1
6.8789 	3
6.8809 	1
6.8829 	0
6.8849 	0
6.8869 	0
6.8889 	1
6.8909 	2
6.8929 	2
6.8949 	0
6.8969 	0
6.8989 	0
6.9009 	0
6.9029 	0
6.9049 	0
6.9069 	1
6.9089 	2
6.9109 	2
6.9129 	4
6.9149 	3
6.9169 	3
6.9189 	2
6.9209 	1
6.9229 	0
6.9249 	0
6.9269 	0
6.9289 	0
6.9309 	0
6.9329 	0
6.9349 	0
6.9369 	0
6.9389 	0
6.9409 	0
6.9429 	0
6.9449 	0
6.9469 	0
6.9489 	0
6.9509 	0
6.9529 	0
6.9549 	0
6.9569 	0
6.9589 	0
6.9609 	2
6.9629 	0
6.9649 	0
6.9669 	1
6.9689 	0
6.9709 	0
6.9729 	0
6.9749 	3
6.9769 	2
6.9789 	3
6.9809 	1
6.9829 	0
6.9849 	0
6.9869 	2
6.9889 	0
6.9909 	0
6.9929 	0
6.9949 	0
6.9969 	0
6.9989 	0
7.0009 	1
7.0029 	3
7.0049 	2
7.0069 	0
7.0089 	0
7.0109 	0
7.0129 	0
7.0149 	0
7.0169 	0
7.0189 	0
7.0209 	0
7.0229 	0
7.0249 	0
7.0269 	3
7.0289 	1
7.0309 	0
7.0329 	0
7.0349 	0
7.0369 	0
7.0389 	0
7.0409 	0
7.0429 	0
7.0449 	2
7.0469 	0
7.0489 	0
7.0509 	0
7.0529 	0
7.0549 	0
7.0569 	1
7.0589 	3
7.0609 	2
7.0629 	2
7.0649 	0
7.0669 	0
7.0689 	0
7.0709 	1
7.0729 	1
7.0749 	0
7.0769 	0
7.0789 	0
7.0809 	0
7.0829 	0
7.0849 	0
7.0869 	0
7.0889 	0
7.0909 	0
7.0929 	0
7.0949 	1
7.0969 	1
7.0989 	0
7.1009 	0
7.1029 	1
7.1049 	1
7.1069 	0
7.1089 	0
7.1109 	0
7.1129 	3
7.1149 	5
7.1169 	4
7.1189 	3
7.1209 	3
7.1229 	2
7.1249 	2
7.1269 	0
7.1289 	0
7.1309 	0
7.1329 	0
7.1349 	0
7.1369 	0
7.1389 	0
7.1409 	0
7.1429 	2
7.1449 	1
7.1469 	1
7.1489 	0
7.1509 	1
7.1529 	1
7.1549 	1
7.1569 	1
7.1589 	0
7.1609 	2
7.1629 	1
7.1649 	0
7.1669 	0
7.1689 	0
7.1709 	2
7.1729 	2
7.1749 	0
7.1769 	0
7.1789 	0
7.1809 	0
7.1829 	0
7.1849 	0
7.1869 	0
7.1889 	0
7.1909 	0
7.1929 	0
7.1949 	0
7.1969 	0
7.1989 	0
7.2009 	0
7.2029 	0
7.2049 	0
7.2069 	0
7.2089 	2
7.2109 	0
7.2129 	1
7.2149 	0
7.2169 	0
7.2189 	0
7.2209 	0
7.2229 	0
7.2249 	0
7.2269 	0
7.2289 	0
7.2309 	0
7.2329 	0
7.2349 	0
7.2369 	0
7.2389 	0
7.2409 	0
7.2429 	0
7.2449 	0
7.2469 	0
7.2489 	0
7.2509 	0
7.2529 	0
7.2549 	0
7.2569 	0
7.2589 	0
7.2609 	0
7.2629 	3
7.2649 	0
7.2669 	2
7.2689 	2
7.2709 	0
7.2729 	0
7.2749 	1
7.2769 	0
7.2789 	0
7.2809 	0
7.2829 	0
7.2849 	0
7.2869 	0
7.2889 	2
7.2909 	2
7.2929 	3
7.2949 	2
7.2969 	5
7.2989 	0
7.3009 	0
7.3029 	0
7.3049 	0
7.3069 	0
7.3089 	0
7.3109 	1
7.3129 	0
7.3149 	0
7.3169 	0
7.3189 	2
7.3209 	0
7.3229 	1
7.3249 	0
7.3269 	0
7.3289 	2
7.3309 	1
7.3329 	3
7.3349 	1
7.3369 	0
7.3389 	0
7.3409 	1
7.3429 	0
7.3449 	0
7.3469 	0
7.3489 	0
7.3509 	0
7.3529 	0
7.3549 	0
7.3569 	0
7.3589 	0
7.3609 	1
7.3629 	0
7.3649 	0
7.3669 	0
7.3689 	0
7.3709 	1
7.3729 	2
7.3749 	2
7.3769 	0
7.3789 	0
7.3809 	0
7.3829 	3
7.3849 	0
7.3869 	0
7.3889 	2
7.3909 	3
7.3929 	1
7.3949 	1
7.3969 	0
7.3989 	0
7.4009 	0
7.4029 	0
7.4049 	0
7.4069 	0
7.4089 	0
7.4109 	0
7.4129 	3
7.4149 	2
7.4169 	0
7.4189 	0
7.4209 	0
7.4229 	0
7.4249 	0
7.4269 	0
7.4289 	0
7.4309 	0
7.4329 	0
7.4349 	2
7.4369 	1
7.4389 	2
7.4409 	2
7.4429 	1
7.4449 	0
7.4469 	1
7.4489 	0
7.4509 	0
7.4529 	0
7.4549 	0
7.4569 	0
7.4589 	0
7.4609 	0
7.4629 	0
7.4649 	0
7.4669 	0
7.4689 	0
7.4709 	0
7.4729 	0
7.4749 	0
7.4769 	0
7.4789 	0
7.4809 	0
7.4829 	0
7.4849 	3
7.4869 	0
7.4889 	0
7.4909 	0
7.4929 	0
7.4949 	0
7.4969 	0
7.4989 	0
7.5009 	0
7.5029 	0
7.5049 	0
7.5069 	0
7.5089 	0
7.5109 	0
7.5129 	0
7.5149 	1
7.5169 	0
7.5189 	1
7.5209 	0
7.5229 	0
7.5249 	1
7.5269 	5
7.5289 	3
7.5309 	1
7.5329 	0
7.5349 	3
7.5369 	4
7.5389 	1
7.5409 	0
7.5429 	1
7.5449 	0
7.5469 	2
7.5489 	0
7.5509 	0
7.5529 	0
7.5549 	0
7.5569 	1
7.5589 	2
7.5609 	1
7.5629 	0
7.5649 	0
7.5669 	0
7.5689 	0
7.5709 	0
7.5729 	0
7.5749 	2
7.5769 	0
7.5789 	0
7.5809 	0
7.5829 	0
7.5849 	0
7.5869 	0
7.5889 	0
7.5909 	0
7.5929 	0
7.5949 	2
7.5969 	3
7.5989 	1
7.6009 	0
7.6029 	0
7.6049 	1
7.6069 	2
7.6089 	2
7.6109 	3
7.6129 	4
7.6149 	1
7.6169 	0
7.6189 	0
7.6209 	0
7.6229 	0
7.6249 	0
7.6269 	0
7.6289 	0
7.6309 	0
7.6329 	1
7.6349 	0
7.6369 	0
7.6389 	0
7.6409 	0
7.6429 	1
7.6449 	0
7.6469 	0
7.6489 	1
7.6509 	0
7.6529 	0
7.6549 	0
7.6569 	0
7.6589 	0
7.6609 	0
7.6629 	0
7.6649 	0
7.6669 	0
7.6689 	0
7.6709 	0
7.6729 	0
7.6749 	0
7.6769 	0
7.6789 	0
7.6809 	0
7.6829 	0
7.6849 	0
7.6869 	0
7.6889 	0
7.6909 	0
7.6929 	0
7.6949 	0
7.6969 	0
7.6989 	0
7.7009 	0
7.7029 	1
7.7049 	0
7.7069 	1
7.7089 	0
7.7109 	2
7.7129 	2
7.7149 	3
7.7169 	2
7.7189 	1
7.7209 	0
7.7229 	1
7.7249 	2
7.7269 	0
7.7289 	1
7.7309 	0
7.7329 	0
7.7349 	0
7.7369 	0
7.7389 	1
7.7409 	1
7.7429 	1
7.7449 	0
7.7469 	0
7.7489 	0
7.7509 	0
7.7529 	0
7.7549 	1
7.7569 	1
7.7589 	0
7.7609 	0
7.7629 	0
7.7649 	0
7.7669 	0
7.7689 	0
7.7709 	0
7.7729 	0
7.7749 	0
7.7769 	1
7.7789 	0
7.7809 	0
7.7829 	0
7.7849 	0
7.7869 	3
7.7889 	3
7.7909 	2
7.7929 	2
7.7949 	3
7.7969 	2
7.7989 	0
7.8009 	0
7.8029 	1
7.8049 	0
7.8069 	0
7.8089 	0
7.8109 	0
7.8129 	0
7.8149 	1
7.8169 	0
7.8189 	0
7.8209 	0
7.8229 	0
7.8249 	0
7.8269 	0
7.8289 	0
7.8309 	0
7.8329 	0
7.8349 	0
7.8369 	0
7.8389 	1
7.8409 	0
7.8429 	0
7.8449 	0
7.8469 	0
7.8489 	0
7.8509 	0
7.8529 	0
7.8549 	0
7.8569 	0
7.8589 	0
7.8609 	1
7.8629 	1
7.8649 	1
7.8669 	0
7.8689 	0
7.8709 	0
7.8729 	1
7.8749 	0
7.8769 	0
7.8789 	0
7.8809 	0
7.8829 	0
7.8849 	1
7.8869 	2
7.8889 	0
7.8909 	0
7.8929 	0
7.8949 	0
7.8969 	0
7.8989 	0
7.9009 	0
7.9029 	0
7.9049 	0
7.9069 	0
7.9089 	2
7.9109 	3
7.9129 	2
7.9149 	3
7.9169 	0
7.9189 	0
7.9209 	0
7.9229 	0
7.9249 	0
7.9269 	0
7.9289 	0
7.9309 	0
7.9329 	0
7.9349 	0
7.9369 	1
7.9389 	0
7.9409 	0
7.9429 	0
7.9449 	0
7.9469 	0
7.9489 	0
7.9509 	0
7.9529 	0
7.9549 	0
7.9569 	0
7.9589 	0
7.9609 	0
7.9629 	0
7.9649 	1
7.9669 	2
7.9689 	1
7.9709 	0
7.9729 	0
7.9749 	0
7.9769 	0
7.9789 	0
7.9809 	0
7.9829 	0
7.9849 	0
7.9869 	0
7.9889 	0
7.9909 	0
7.9929 	0
7.9949 	0
7.9969 	0
7.9989 	0
8.0009 	0
8.0029 	0
8.0049 	0
8.0069 	0
8.0089 	0
8.0109 	0
8.0129 	0
8.0149 	1
8.0169 	0
8.0189 	1
8.0209 	0
8.0229 	0
8.0249 	1
8.0269 	0
8.0289 	0
8.0309 	0
8.0329 	0
8.0349 	1
8.0369 	0
8.0389 	1
8.0409 	2
8.0429 	0
8.0449 	0
8.0469 	0
8.0489 	0
8.0509 	0
8.0529 	0
8.0549 	3
8.0569 	3
8.0589 	0
8.0609 	0
8.0629 	0
8.0649 	2
8.0669 	2
8.0689 	1
8.0709 	0
8.0729 	0
8.0749 	0
8.0769 	0
8.0789 	0
8.0809 	0
8.0829 	0
8.0849 	0
8.0869 	0
8.0889 	0
8.0909 	0
8.0929 	0
8.0949 	0
8.0969 	0
8.0989 	0
8.1009 	0
8.1029 	0
8.1049 	0
8.1069 	0
8.1089 	0
8.1109 	0
8.1129 	2
8.1149 	1
8.1169 	0
8.1189 	0
8.1209 	0
8.1229 	0
8.1249 	1
8.1269 	2
8.1289 	1
8.1309 	1
8.1329 	0
8.1349 	2
8.1369 	1
8.1389 	2
8.1409 	1
8.1429 	0
8.1449 	0
8.1469 	0
8.1489 	0
8.1509 	0
8.1529 	1
8.1549 	1
8.1569 	0
8.1589 	2
8.1609 	0
8.1629 	0
8.1649 	0
8.1669 	0
8.1689 	3
8.1709 	0
8.1729 	0
8.1749 	3
8.1769 	2
8.1789 	0
8.1809 	0
8.1829 	1
8.1849 	2
8.1869 	0
8.1889 	1
8.1909 	2
8.1929 	4
8.1949 	0
8.1969 	0
8.1989 	0
8.2009 	0
8.2029 	0
8.2049 	1
8.2069 	2
8.2089 	3
8.2109 	0
8.2129 	0
8.2149 	0
8.2169 	0
8.2189 	0
8.2209 	0
8.2229 	0
8.2249 	0
8.2269 	0
8.2289 	0
8.2309 	1
8.2329 	2
8.2349 	0
8.2369 	1
8.2389 	0
8.2409 	0
8.2429 	0
8.2449 	0
8.2469 	1
8.2489 	0
8.2509 	0
8.2529 	0
8.2549 	0
8.2569 	0
8.2589 	0
8.2609 	2
8.2629 	3
8.2649 	0
8.2669 	0
8.2689 	0
8.2709 	0
8.2729 	0
8.2749 	0
8.2769 	0
8.2789 	0
8.2809 	0
8.2829 	1
8.2849 	2
8.2869 	0
8.2889 	1
8.2909 	0
8.2929 	1
8.2949 	3
8.2969 	1
8.2989 	0
8.3009 	0
8.3029 	0
8.3049 	0
8.3069 	0
8.3089 	0
8.3109 	0
8.3129 	0
8.3149 	0
8.3169 	0
8.3189 	0
8.3209 	0
8.3229 	0
8.3249 	0
8.3269 	2
8.3289 	2
8.3309 	3
8.3329 	2
8.3349 	2
8.3369 	2
8.3389 	1
8.3409 	0
8.3429 	0
8.3449 	4
8.3469 	3
8.3489 	2
8.3509 	3
8.3529 	0
8.3549 	1
8.3569 	0
8.3589 	0
8.3609 	1
8.3629 	0
8.3649 	1
8.3669 	1
8.3689 	2
8.3709 	1
8.3729 	0
8.3749 	0
8.3769 	0
8.3789 	0
8.3809 	0
8.3829 	0
8.3849 	0
8.3869 	0
8.3889 	0
8.3909 	0
8.3929 	0
8.3949 	4
8.3969 	0
8.3989 	0
8.4009 	0
8.4029 	0
8.4049 	0
8.4069 	0
8.4089 	0
8.4109 	0
8.4129 	0
8.4149 	0
8.4169 	0
8.4189 	0
8.4209 	0
8.4229 	0
8.4249 	0
8.4269 	0
8.4289 	0
8.4309 	0
8.4329 	0
8.4349 	0
8.4369 	1
8.4389 	1
8.4409 	0
8.4429 	0
8.4449 	0
8.4469 	2
8.4489 	1
8.4509 	0
8.4529 	0
8.4549 	0
8.4569 	0
8.4589 	0
8.4609 	0
8.4629 	0
8.4649 	1
8.4669 	1
8.4689 	0
8.4709 	0
8.4729 	0
8.4749 	0
8.4769 	0
8.4789 	0
8.4809 	0
8.4829 	0
8.4849 	0
8.4869 	0
8.4889 	0
8.4909 	1
8.4929 	0
8.4949 	0
8.4969 	1
8.4989 	0
8.5009 	0
8.5029 	0
8.5049 	0
8.5069 	1
8.5089 	0
8.5109 	4
8.5129 	3
8.5149 	0
8.5169 	0
8.5189 	0
8.5209 	0
8.5229 	0
8.5249 	0
8.5269 	0
8.5289 	3
8.5309 	2
8.5329 	1
8.5349 	0
8.5369 	0
8.5389 	1
8.5409 	1
8.5429 	0
8.5449 	1
8.5469 	2
8.5489 	1
8.5509 	0
8.5529 	0
8.5549 	0
8.5569 	2
8.5589 	1
8.5609 	2
8.5629 	1
8.5649 	0
8.5669 	0
8.5689 	0
8.5709 	0
8.5729 	0
8.5749 	0
8.5769 	0
8.5789 	0
8.5809 	1
8.5829 	0
8.5849 	0
8.5869 	2
8.5889 	0
8.5909 	0
8.5929 	2
8.5949 	2
8.5969 	0
8.5989 	0
8.6009 	0
8.6029 	0
8.6049 	0
8.6069 	0
8.6089 	0
8.6109 	0
8.6129 	0
8.6149 	0
8.6169 	0
8.6189 	0
8.6209 	0
8.6229 	0
8.6249 	0
8.6269 	0
8.6289 	3
8.6309 	1
8.6329 	0
8.6349 	0
8.6369 	0
8.6389 	0
8.6409 	0
8.6429 	0
8.6449 	1
8.6469 	0
8.6489 	0
8.6509 	0
8.6529 	0
8.6549 	0
8.6569 	0
8.6589 	0
8.6609 	0
8.6629 	0
8.6649 	3
8.6669 	4
8.6689 	4
8.6709 	2
8.6729 	1
8.6749 	2
8.6769 	4
8.6789 	1
8.6809 	5
8.6829 	4
8.6849 	1
8.6869 	0
8.6889 	0
8.6909 	0
8.6929 	0
8.6949 	0
8.6969 	0
8.6989 	0
8.7009 	0
8.7029 	1
8.7049 	0
8.7069 	1
8.7089 	0
8.7109 	4
8.7129 	2
8.7149 	0
8.7169 	0
8.7189 	2
8.7209 	1
8.7229 	0
8.7249 	0
8.7269 	0
8.7289 	0
8.7309 	0
8.7329 	0
8.7349 	0
8.7369 	0
8.7389 	0
8.7409 	0
8.7429 	0
8.7449 	0
8.7469 	0
8.7489 	0
8.7509 	4
8.7529 	2
8.7549 	0
8.7569 	0
8.7589 	0
8.7609 	0
8.7629 	0
8.7649 	0
8.7669 	0
8.7689 	0
8.7709 	1
8.7729 	3
8.7749 	1
8.7769 	2
8.7789 	1
8.7809 	0
8.7829 	0
8.7849 	0
8.7869 	0
8.7889 	0
8.7909 	0
8.7929 	0
8.7949 	0
8.7969 	0
8.7989 	0
8.8009 	0
8.8029 	0
8.8049 	0
8.8069 	0
8.8089 	0
8.8109 	0
8.8129 	2
8.8149 	0
8.8169 	0
8.8189 	0
8.8209 	0
8.8229 	3
8.8249 	1
8.8269 	0
8.8289 	0
8.8309 	0
8.8329 	0
8.8349 	0
8.8369 	0
8.8389 	0
8.8409 	0
8.8429 	0
8.8449 	0
8.8469 	0
8.8489 	0
8.8509 	0
8.8529 	0
8.8549 	0
8.8569 	1
8.8589 	0
8.8609 	0
8.8629 	0
8.8649 	0
8.8669 	0
8.8689 	1
8.8709 	1
8.8729 	0
8.8749 	0
8.8769 	0
8.8789 	0
8.8809 	0
8.8829 	1
8.8849 	0
8.8869 	0
8.8889 	0
8.8909 	0
8.8929 	0
8.8949 	0
8.8969 	0
8.8989 	2
8.9009 	1
8.9029 	1
8.9049 	2
8.9069 	1
8.9089 	0
8.9109 	0
8.9129 	1
8.9149 	1
8.9169 	2
8.9189 	1
8.9209 	0
8.9229 	0
8.9249 	1
8.9269 	0
8.9289 	0
8.9309 	0
8.9329 	0
8.9349 	0
8.9369 	1
8.9389 	1
8.9409 	0
8.9429 	0
8.9449 	0
8.9469 	0
8.9489 	2
8.9509 	4
8.9529 	1
8.9549 	0
8.9569 	0
8.9589 	1
8.9609 	0
8.9629 	1
8.9649 	2
8.9669 	0
8.9689 	0
8.9709 	1
8.9729 	3
8.9749 	0
8.9769 	0
8.9789 	0
8.9809 	1
8.9829 	1
8.9849 	2
8.9869 	3
8.9889 	1
8.9909 	3
8.9929 	2
8.9949 	4
8.9969 	4
8.9989 	0
9.0009 	0
9.0029 	0
9.0049 	0
9.0069 	0
9.0089 	0
9.0109 	0
9.0129 	0
9.0149 	1
9.0169 	1
9.0189 	0
9.0209 	0
9.0229 	0
9.0249 	1
9.0269 	0
9.0289 	0
9.0309 	0
9.0329 	0
9.0349 	2
9.0369 	1
9.0389 	3
9.0409 	2
9.0429 	3
9.0449 	3
9.0469 	0
9.0489 	1
9.0509 	0
9.0529 	0
9.0549 	0
9.0569 	0
9.0589 	0
9.0609 	0
9.0629 	0
9.0649 	0
9.0669 	0
9.0689 	0
9.0709 	0
9.0729 	0
9.0749 	0
9.0769 	0
9.0789 	0
9.0809 	0
9.0829 	2
9.0849 	2
9.0869 	1
9.0889 	0
9.0909 	0
9.0929 	0
9.0949 	0
9.0969 	0
9.0989 	0
9.1009 	0
9.1029 	0
9.1049 	2
9.1069 	1
9.1089 	1
9.1109 	0
9.1129 	2
9.1149 	0
9.1169 	0
9.1189 	1
9.1209 	0
9.1229 	0
9.1249 	0
9.1269 	0
9.1289 	1
9.1309 	0
9.1329 	0
9.1349 	0
9.1369 	3
9.1389 	0
9.1409 	0
9.1429 	0
9.1449 	0
9.1469 	0
9.1489 	0
9.1509 	2
9.1529 	4
9.1549 	2
9.1569 	0
9.1589 	0
9.1609 	0
9.1629 	0
9.1649 	0
9.1669 	0
9.1689 	0
9.1709 	0
9.1729 	0
9.1749 	0
9.1769 	0
9.1789 	0
9.1809 	0
9.1829 	0
9.1849 	0
9.1869 	0
9.1889 	0
9.1909 	0
9.1929 	0
9.1949 	0
9.1969 	2
9.1989 	2
9.2009 	1
9.2029 	0
9.2049 	0
9.2069 	0
9.2089 	0
9.2109 	0
9.2129 	1
9.2149 	0
9.2169 	0
9.2189 	0
9.2209 	1
9.2229 	2
9.2249 	1
9.2269 	1
9.2289 	0
9.2309 	1
9.2329 	1
9.2349 	0
9.2369 	2
9.2389 	1
9.2409 	1
9.2429 	3
9.2449 	4
9.2469 	2
9.2489 	1
9.2509 	0
9.2529 	0
9.2549 	0
9.2569 	0
9.2589 	2
9.2609 	1
9.2629 	1
9.2649 	0
9.2669 	0
9.2689 	0
9.2709 	0
9.2729 	0
9.2749 	0
9.2769 	0
9.2789 	0
9.2809 	2
9.2829 	2
9.2849 	0
9.2869 	0
9.2889 	0
9.2909 	0
9.2929 	0
9.2949 	0
9.2969 	1
9.2989 	3
9.3009 	3
9.3029 	3
9.3049 	0
9.3069 	0
9.3089 	0
9.3109 	0
9.3129 	1
9.3149 	0
9.3169 	0
9.3189 	0
9.3209 	0
9.3229 	1
9.3249 	3
9.3269 	1
9.3289 	0
9.3309 	0
9.3329 	0
9.3349 	0
9.3369 	0
9.3389 	0
9.3409 	0
9.3429 	0
9.3449 	0
9.3469 	0
9.3489 	0
9.3509 	0
9.3529 	0
9.3549 	0
9.3569 	2
9.3589 	0
9.3609 	0
9.3629 	0
9.3649 	0
9.3669 	0
9.3689 	0
9.3709 	0
9.3729 	0
9.3749 	0
9.3769 	0
9.3789 	0
9.3809 	0
9.3829 	0
9.3849 	0
9.3869 	0
9.3889 	0
9.3909 	0
9.3929 	0
9.3949 	0
9.3969 	0
9.3989 	0
9.4009 	0
9.4029 	1
9.4049 	2
9.4069 	1
9.4089 	0
9.4109 	3
9.4129 	1
9.4149 	0
9.4169 	2
9.4189 	0
9.4209 	0
9.4229 	0
9.4249 	0
9.4269 	0
9.4289 	0
9.4309 	0
9.4329 	0
9.4349 	0
9.4369 	0
9.4389 	0
9.4409 	1
9.4429 	2
9.4449 	1
9.4469 	0
9.4489 	0
9.4509 	2
9.4529 	1
9.4549 	3
9.4569 	0
9.4589 	0
9.4609 	0
9.4629 	0
9.4649 	0
9.4669 	0
9.4689 	0
9.4709 	0
9.4729 	0
9.4749 	0
9.4769 	0
9.4789 	0
9.4809 	0
9.4829 	0
9.4849 	2
9.4869 	3
9.4889 	2
9.4909 	0
9.4929 	1
9.4949 	0
9.4969 	0
9.4989 	0
9.5009 	0
9.5029 	0
9.5049 	0
9.5069 	0
9.5089 	0
9.5109 	0
9.5129 	0
9.5149 	0
9.5169 	0
9.5189 	0
9.5209 	0
9.5229 	0
9.5249 	0
9.5269 	0
9.5289 	0
9.5309 	0
9.5329 	0
9.5349 	1
9.5369 	3
9.5389 	2
9.5409 	2
9.5429 	0
9.5449 	0
9.5469 	3
9.5489 	1
9.5509 	0
9.5529 	0
9.5549 	0
9.5569 	0
9.5589 	0
9.5609 	0
9.5629 	0
9.5649 	0
9.5669 	0
9.5689 	0
9.5709 	0
9.5729 	0
9.5749 	0
9.5769 	0
9.5789 	0
9.5809 	0
9.5829 	0
9.5849 	0
9.5869 	1
9.5889 	3
9.5909 	1
9.5929 	2
9.5949 	1
9.5969 	0
9.5989 	0
9.6009 	0
9.6029 	0
9.6049 	0
9.6069 	0
9.6089 	0
9.6109 	0
9.6129 	0
9.6149 	0
9.6169 	0
9.6189 	0
9.6209 	1
9.6229 	2
9.6249 	2
9.6269 	0
9.6289 	0
9.6309 	0
9.6329 	0
9.6349 	0
9.6369 	0
9.6389 	0
9.6409 	0
9.6429 	0
9.6449 	0
9.6469 	0
9.6489 	0
9.6509 	0
9.6529 	0
9.6549 	0
9.6569 	0
9.6589 	0
9.6609 	0
9.6629 	0
9.6649 	0
9.6669 	0
9.6689 	0
9.6709 	0
9.6729 	0
9.6749 	0
9.6769 	0
9.6789 	0
9.6809 	0
9.6829 	0
9.6849 	0
9.6869 	0
9.6889 	0
9.6909 	0
9.6929 	0
9.6949 	0
9.6969 	0
9.6989 	0
9.7009 	0
9.7029 	0
9.7049 	0
9.7069 	0
9.7089 	0
9.7109 	0
9.7129 	3
9.7149 	1
9.7169 	0
9.7189 	0
9.7209 	0
9.7229 	0
9.7249 	0
9.7269 	0
9.7289 	0
9.7309 	0
9.7329 	0
9.7349 	0
9.7369 	1
9.7389 	3
9.7409 	2
9.7429 	0
9.7449 	0
9.7469 	0
9.7489 	0
9.7509 	0
9.7529 	0
9.7549 	0
9.7569 	0
9.7589 	0
9.7609 	1
9.7629 	2
9.7649 	0
9.7669 	0
9.7689 	2
9.7709 	1
9.7729 	0
9.7749 	0
9.7769 	1
9.7789 	0
9.7809 	0
9.7829 	0
9.7849 	0
9.7869 	0
9.7889 	0
9.7909 	0
9.7929 	0
9.7949 	0
9.7969 	0
9.7989 	0
9.8009 	2
9.8029 	1
9.8049 	3
9.8069 	3
9.8089 	1
9.8109 	3
9.8129 	1
9.8149 	0
9.8169 	1
9.8189 	0
9.8209 	0
9.8229 	1
9.8249 	1
9.8269 	0
9.8289 	0
9.8309 	0
9.8329 	0
9.8349 	0
9.8369 	0
9.8389 	0
9.8409 	1
9.8429 	1
9.8449 	0
9.8469 	0
9.8489 	0
9.8509 	0
9.8529 	0
9.8549 	0
9.8569 	0
9.8589 	0
9.8609 	0
9.8629 	0
9.8649 	0
9.8669 	1
9.8689 	0
9.8709 	0
9.8729 	0
9.8749 	0
9.8769 	0
9.8789 	0
9.8809 	0
9.8829 	0
9.8849 	0
9.8869 	0
9.8889 	0
9.8909 	0
9.8929 	0
9.8949 	3
9.8969 	1
9.8989 	0
9.9009 	1
9.9029 	3
9.9049 	2
9.9069 	3
9.9089 	2
9.9109 	3
9.9129 	0
9.9149 	0
9.9169 	0
9.9189 	0
9.9209 	0
9.9229 	1
9.9249 	0
9.9269 	0
9.9289 	0
9.9309 	0
9.9329 	0
9.9349 	0
9.9369 	0
9.9389 	0
9.9409 	0
9.9429 	0
9.9449 	0
9.9469 	0
9.9489 	0
9.9509 	3
9.9529 	1
9.9549 	0
9.9569 	0
9.9589 	5
9.9609 	4
9.9629 	3
9.9649 	0
9.9669 	0
9.9689 	0
9.9709 	0
9.9729 	0
9.9749 	0
9.9769 	1
9.9789 	3
9.9809 	2
9.9829 	2
9.9849 	1
9.9869 	0
9.9889 	0
9.9909 	0
9.9929 	0
9.9949 	0
9.9969 	0
9.9989 	0
10.0009 	0
