0.0009 	0
0.0029 	0
0.0049 	0
0.0069 	0
0.0089 	0
0.0109 	0
0.0129 	0
0.0149 	0
0.0169 	0
0.0189 	0
0.0209 	1
0.0229 	3
0.0249 	2
0.0269 	3
0.0289 	2
0.0309 	1
0.0329 	0
0.0349 	0
0.0369 	0
0.0389 	0
0.0409 	0
0.0429 	0
0.0449 	0
0.0469 	0
0.0489 	0
0.0509 	0
0.0529 	0
0.0549 	0
0.0569 	0
0.0589 	0
0.0609 	0
0.0629 	0
0.0649 	2
0.0669 	1
0.0689 	0
0.0709 	0
0.0729 	0
0.0749 	2
0.0769 	2
0.0789 	3
0.0809 	1
0.0829 	0
0.0849 	0
0.0869 	0
0.0889 	0
0.0909 	0
0.0929 	0
0.0949 	0
0.0969 	0
0.0989 	0
0.1009 	0
0.1029 	0
0.1049 	0
0.1069 	0
0.1089 	0
0.1109 	0
0.1129 	0
0.1149 	0
0.1169 	2
0.1189 	0
0.1209 	0
0.1229 	0
0.1249 	0
0.1269 	0
0.1289 	0
0.1309 	0
0.1329 	0
0.1349 	0
0.1369 	0
0.1389 	0
0.1409 	0
0.1429 	0
0.1449 	0
0.1469 	0
0.1489 	0
0.1509 	0
0.1529 	0
0.1549 	0
0.1569 	0
0.1589 	0
0.1609 	0
0.1629 	0
0.1649 	0
0.1669 	0
0.1689 	0
0.1709 	0
0.1729 	0
0.1749 	0
0.1769 	0
0.1789 	0
0.1809 	0
0.1829 	0
0.1849 	0
0.1869 	0
0.1889 	0
0.1909 	0
0.1929 	0
0.1949 	0
0.1969 	0
0.1989 	0
0.2009 	0
0.2029 	0
0.2049 	0
0.2069 	0
0.2089 	0
0.2109 	0
0.2129 	0
0.2149 	0
0.2169 	0
0.2189 	0
0.2209 	0
0.2229 	0
0.2249 	0
0.2269 	0
0.2289 	0
0.2309 	0
0.2329 	0
0.2349 	0
0.2369 	0
0.2389 	0
0.2409 	0
0.2429 	0
0.2449 	0
0.2469 	0
0.2489 	0
0.2509 	0
0.2529 	0
0.2549 	0
0.2569 	0
0.2589 	0
0.2609 	0
0.2629 	1
0.2649 	1
0.2669 	1
0.2689 	3
0.2709 	0
0.2729 	0
0.2749 	0
0.2769 	0
0.2789 	0
0.2809 	0
0.2829 	0
0.2849 	0
0.2869 	0
0.2889 	0
0.2909 	2
0.2929 	1
0.2949 	0
0.2969 	0
0.2989 	0
0.3009 	0
0.3029 	0
0.3049 	0
0.3069 	0
0.3089 	0
0.3109 	2
0.3129 	3
0.3149 	2
0.3169 	1
0.3189 	0
0.3209 	0
0.3229 	0
0.3249 	0
0.3269 	0
0.3289 	0
0.3309 	0
0.3329 	0
0.3349 	0
0.3369 	0
0.3389 	0
0.3409 	0
0.3429 	0
0.3449 	0
0.3469 	0
0.3489 	0
0.3509 	0
0.3529 	2
0.3549 	1
0.3569 	0
0.3589 	0
0.3609 	0
0.3629 	0
0.3649 	1
0.3669 	0
0.3689 	0
0.3709 	0
0.3729 	0
0.3749 	0
0.3769 	0
0.3789 	0
0.3809 	0
0.3829 	0
0.3849 	0
0.3869 	0
0.3889 	0
0.3909 	0
0.3929 	0
0.3949 	0
0.3969 	0
0.3989 	0
0.4009 	0
0.4029 	0
0.4049 	0
0.4069 	0
0.4089 	0
0.4109 	0
0.4129 	0
0.4149 	0
0.4169 	0
0.4189 	0
0.4209 	0
0.4229 	0
0.4249 	0
0.4269 	0
0.4289 	0
0.4309 	0
0.4329 	0
0.4349 	0
0.4369 	0
0.4389 	0
0.4409 	0
0.4429 	0
0.4449 	0
0.4469 	0
0.4489 	0
0.4509 	0
0.4529 	0
0.4549 	0
0.4569 	0
0.4589 	0
0.4609 	0
0.4629 	0
0.4649 	0
0.4669 	0
0.4689 	0
0.4709 	0
0.4729 	1
0.4749 	0
0.4769 	0
0.4789 	0
0.4809 	0
0.4829 	0
0.4849 	0
0.4869 	0
0.4889 	0
0.4909 	0
0.4929 	1
0.4949 	3
0.4969 	1
0.4989 	1
0.5009 	0
0.5029 	0
0.5049 	0
0.5069 	0
0.5089 	0
0.5109 	0
0.5129 	0
0.5149 	0
0.5169 	0
0.5189 	0
0.5209 	0
0.5229 	0
0.5249 	0
0.5269 	1
0.5289 	0
0.5309 	0
0.5329 	0
0.5349 	0
0.5369 	0
0.5389 	0
0.5409 	1
0.5429 	2
0.5449 	1
0.5469 	0
0.5489 	0
0.5509 	0
0.5529 	0
0.5549 	0
0.5569 	0
0.5589 	0
0.5609 	0
0.5629 	0
0.5649 	0
0.5669 	0
0.5689 	0
0.5709 	0
0.5729 	0
0.5749 	0
0.5769 	0
0.5789 	0
0.5809 	0
0.5829 	0
0.5849 	0
0.5869 	0
0.5889 	3
0.5909 	0
0.5929 	1
0.5949 	4
0.5969 	2
0.5989 	1
0.6009 	0
0.6029 	0
0.6049 	0
0.6069 	0
0.6089 	0
0.6109 	0
0.6129 	0
0.6149 	0
0.6169 	0
0.6189 	0
0.6209 	0
0.6229 	0
0.6249 	0
0.6269 	0
0.6289 	0
0.6309 	0
0.6329 	0
0.6349 	0
0.6369 	0
0.6389 	0
0.6409 	0
0.6429 	0
0.6449 	0
0.6469 	0
0.6489 	0
0.6509 	0
0.6529 	0
0.6549 	0
0.6569 	0
0.6589 	0
0.6609 	0
0.6629 	0
0.6649 	0
0.6669 	0
0.6689 	0
0.6709 	0
0.6729 	0
0.6749 	0
0.6769 	0
0.6789 	0
0.6809 	0
0.6829 	1
0.6849 	0
0.6869 	0
0.6889 	3
0.6909 	1
0.6929 	1
0.6949 	5
0.6969 	6
0.6989 	1
0.7009 	5
0.7029 	5
0.7049 	7
0.7069 	22
0.7089 	14
0.7109 	15
0.7129 	12
0.7149 	35
0.7169 	33
0.7189 	51
0.7209 	33
0.7229 	29
0.7249 	58
0.7269 	29
0.7289 	35
0.7309 	31
0.7329 	37
0.7349 	54
0.7369 	70
0.7389 	50
0.7409 	38
0.7429 	50
0.7449 	39
0.7469 	43
0.7489 	40
0.7509 	39
0.7529 	32
0.7549 	32
0.7569 	35
0.7589 	27
0.7609 	18
0.7629 	18
0.7649 	11
0.7669 	6
0.7689 	1
0.7709 	0
0.7729 	0
0.7749 	0
0.7769 	0
0.7789 	0
0.7809 	1
0.7829 	1
0.7849 	1
0.7869 	1
0.7889 	0
0.7909 	0
0.7929 	0
0.7949 	0
0.7969 	0
0.7989 	0
0.8009 	0
0.8029 	0
0.8049 	0
0.8069 	0
0.8089 	0
0.8109 	0
0.8129 	0
0.8149 	2
0.8169 	3
0.8189 	2
0.8209 	0
0.8229 	0
0.8249 	0
0.8269 	0
0.8289 	0
0.8309 	0
0.8329 	0
0.8349 	2
0.8369 	1
0.8389 	2
0.8409 	3
0.8429 	2
0.8449 	0
0.8469 	0
0.8489 	0
0.8509 	0
0.8529 	0
0.8549 	0
0.8569 	0
0.8589 	0
0.8609 	0
0.8629 	0
0.8649 	0
0.8669 	0
0.8689 	0
0.8709 	1
0.8729 	1
0.8749 	0
0.8769 	0
0.8789 	0
0.8809 	0
0.8829 	0
0.8849 	0
0.8869 	0
0.8889 	0
0.8909 	0
0.8929 	0
0.8949 	0
0.8969 	2
0.8989 	0
0.9009 	1
0.9029 	2
0.9049 	1
0.9069 	1
0.9089 	2
0.9109 	4
0.9129 	3
0.9149 	3
0.9169 	1
0.9189 	2
0.9209 	5
0.9229 	5
0.9249 	2
0.9269 	0
0.9289 	2
0.9309 	0
0.9329 	0
0.9349 	3
0.9369 	4
0.9389 	2
0.9409 	0
0.9429 	2
0.9449 	3
0.9469 	1
0.9489 	0
0.9509 	0
0.9529 	0
0.9549 	0
0.9569 	0
0.9589 	0
0.9609 	0
0.9629 	0
0.9649 	0
0.9669 	0
0.9689 	1
0.9709 	3
0.9729 	2
0.9749 	2
0.9769 	0
0.9789 	0
0.9809 	0
0.9829 	0
0.9849 	0
0.9869 	0
0.9889 	0
0.9909 	0
0.9929 	0
0.9949 	0
0.9969 	1
0.9989 	0
1.0009 	0
1.0029 	0
1.0049 	0
1.0069 	0
1.0089 	0
1.0109 	0
1.0129 	0
1.0149 	0
1.0169 	0
1.0189 	0
1.0209 	0
1.0229 	0
1.0249 	0
1.0269 	1
1.0289 	0
1.0309 	0
1.0329 	0
1.0349 	1
1.0369 	1
1.0389 	1
1.0409 	0
1.0429 	1
1.0449 	1
1.0469 	1
1.0489 	0
1.0509 	0
1.0529 	0
1.0549 	0
1.0569 	0
1.0589 	0
1.0609 	0
1.0629 	0
1.0649 	0
1.0669 	0
1.0689 	0
1.0709 	1
1.0729 	0
1.0749 	0
1.0769 	0
1.0789 	0
1.0809 	0
1.0829 	3
1.0849 	1
1.0869 	1
1.0889 	0
1.0909 	0
1.0929 	2
1.0949 	2
1.0969 	3
1.0989 	1
1.1009 	1
1.1029 	0
1.1049 	0
1.1069 	0
1.1089 	0
1.1109 	0
1.1129 	0
1.1149 	0
1.1169 	0
1.1189 	0
1.1209 	0
1.1229 	0
1.1249 	1
1.1269 	0
1.1289 	1
1.1309 	0
1.1329 	0
1.1349 	0
1.1369 	1
1.1389 	0
1.1409 	0
1.1429 	0
1.1449 	0
1.1469 	0
1.1489 	0
1.1509 	0
1.1529 	0
1.1549 	0
1.1569 	0
1.1589 	0
1.1609 	0
1.1629 	0
1.1649 	0
1.1669 	6
1.1689 	3
1.1709 	1
1.1729 	0
1.1749 	2
1.1769 	1
1.1789 	0
1.1809 	0
1.1829 	0
1.1849 	0
1.1869 	0
1.1889 	0
1.1909 	0
1.1929 	0
1.1949 	0
1.1969 	0
1.1989 	0
1.2009 	0
1.2029 	0
1.2049 	0
1.2069 	0
1.2089 	2
1.2109 	4
1.2129 	2
1.2149 	0
1.2169 	0
1.2189 	0
1.2209 	0
1.2229 	2
1.2249 	3
1.2269 	2
1.2289 	1
1.2309 	0
1.2329 	0
1.2349 	0
1.2369 	0
1.2389 	0
1.2409 	0
1.2429 	0
1.2449 	0
1.2469 	0
1.2489 	0
1.2509 	0
1.2529 	0
1.2549 	0
1.2569 	0
1.2589 	1
1.2609 	0
1.2629 	0
1.2649 	0
1.2669 	0
1.2689 	0
1.2709 	0
1.2729 	0
1.2749 	0
1.2769 	0
1.2789 	0
1.2809 	0
1.2829 	2
1.2849 	2
1.2869 	1
1.2889 	0
1.2909 	0
1.2929 	0
1.2949 	0
1.2969 	0
1.2989 	2
1.3009 	1
1.3029 	0
1.3049 	0
1.3069 	0
1.3089 	0
1.3109 	0
1.3129 	1
1.3149 	0
1.3169 	0
1.3189 	0
1.3209 	0
1.3229 	0
1.3249 	0
1.3269 	1
1.3289 	0
1.3309 	0
1.3329 	0
1.3349 	0
1.3369 	0
1.3389 	0
1.3409 	0
1.3429 	0
1.3449 	0
1.3469 	0
1.3489 	0
1.3509 	0
1.3529 	0
1.3549 	0
1.3569 	0
1.3589 	0
1.3609 	0
1.3629 	0
1.3649 	0
1.3669 	0
1.3689 	0
1.3709 	0
1.3729 	0
1.3749 	0
1.3769 	0
1.3789 	0
1.3809 	0
1.3829 	0
1.3849 	0
1.3869 	0
1.3889 	0
1.3909 	0
1.3929 	0
1.3949 	0
1.3969 	0
1.3989 	0
1.4009 	0
1.4029 	0
1.4049 	0
1.4069 	0
1.4089 	0
1.4109 	0
1.4129 	0
1.4149 	0
1.4169 	0
1.4189 	0
1.4209 	0
1.4229 	0
1.4249 	0
1.4269 	0
1.4289 	0
1.4309 	0
1.4329 	0
1.4349 	0
1.4369 	0
1.4389 	0
1.4409 	0
1.4429 	0
1.4449 	0
1.4469 	0
1.4489 	0
1.4509 	0
1.4529 	0
1.4549 	0
1.4569 	0
1.4589 	0
1.4609 	0
1.4629 	0
1.4649 	0
1.4669 	0
1.4689 	0
1.4709 	0
1.4729 	0
1.4749 	0
1.4769 	0
1.4789 	0
1.4809 	0
1.4829 	0
1.4849 	0
1.4869 	0
1.4889 	0
1.4909 	0
1.4929 	0
1.4949 	0
1.4969 	0
1.4989 	0
1.5009 	0
1.5029 	0
1.5049 	0
1.5069 	0
1.5089 	0
1.5109 	0
1.5129 	0
1.5149 	0
1.5169 	0
1.5189 	0
1.5209 	2
1.5229 	0
1.5249 	0
1.5269 	0
1.5289 	0
1.5309 	0
1.5329 	0
1.5349 	0
1.5369 	0
1.5389 	0
1.5409 	0
1.5429 	0
1.5449 	0
1.5469 	0
1.5489 	0
1.5509 	0
1.5529 	0
1.5549 	0
1.5569 	0
1.5589 	0
1.5609 	0
1.5629 	0
1.5649 	0
1.5669 	0
1.5689 	0
1.5709 	0
1.5729 	0
1.5749 	0
1.5769 	0
1.5789 	0
1.5809 	0
1.5829 	0
1.5849 	0
1.5869 	0
1.5889 	0
1.5909 	3
1.5929 	2
1.5949 	0
1.5969 	0
1.5989 	0
1.6009 	0
1.6029 	0
1.6049 	0
1.6069 	0
1.6089 	0
1.6109 	0
1.6129 	0
1.6149 	0
1.6169 	0
1.6189 	0
1.6209 	0
1.6229 	0
1.6249 	0
1.6269 	0
1.6289 	0
1.6309 	0
1.6329 	0
1.6349 	0
1.6369 	0
1.6389 	0
1.6409 	0
1.6429 	0
1.6449 	0
1.6469 	0
1.6489 	0
1.6509 	0
1.6529 	2
1.6549 	1
1.6569 	2
1.6589 	0
1.6609 	0
1.6629 	0
1.6649 	0
1.6669 	0
1.6689 	0
1.6709 	0
1.6729 	0
1.6749 	0
1.6769 	0
1.6789 	2
1.6809 	2
1.6829 	1
1.6849 	0
1.6869 	0
1.6889 	0
1.6909 	0
1.6929 	0
1.6949 	0
1.6969 	0
1.6989 	1
1.7009 	0
1.7029 	0
1.7049 	0
1.7069 	0
1.7089 	0
1.7109 	0
1.7129 	0
1.7149 	0
1.7169 	0
1.7189 	1
1.7209 	1
1.7229 	3
1.7249 	1
1.7269 	0
1.7289 	0
1.7309 	0
1.7329 	0
1.7349 	1
1.7369 	1
1.7389 	2
1.7409 	0
1.7429 	0
1.7449 	0
1.7469 	0
1.7489 	0
1.7509 	0
1.7529 	0
1.7549 	0
1.7569 	0
1.7589 	0
1.7609 	0
1.7629 	0
1.7649 	0
1.7669 	0
1.7689 	0
1.7709 	0
1.7729 	0
1.7749 	2
1.7769 	2
1.7789 	0
1.7809 	0
1.7829 	0
1.7849 	0
1.7869 	2
1.7889 	2
1.7909 	0
1.7929 	2
1.7949 	0
1.7969 	0
1.7989 	0
1.8009 	0
1.8029 	0
1.8049 	0
1.8069 	0
1.8089 	0
1.8109 	3
1.8129 	3
1.8149 	1
1.8169 	0
1.8189 	0
1.8209 	0
1.8229 	0
1.8249 	0
1.8269 	0
1.8289 	0
1.8309 	0
1.8329 	0
1.8349 	1
1.8369 	3
1.8389 	2
1.8409 	1
1.8429 	0
1.8449 	0
1.8469 	0
1.8489 	0
1.8509 	0
1.8529 	0
1.8549 	0
1.8569 	0
1.8589 	0
1.8609 	0
1.8629 	0
1.8649 	0
1.8669 	0
1.8689 	0
1.8709 	0
1.8729 	0
1.8749 	0
1.8769 	0
1.8789 	0
1.8809 	0
1.8829 	0
1.8849 	0
1.8869 	0
1.8889 	0
1.8909 	2
1.8929 	0
1.8949 	0
1.8969 	0
1.8989 	0
1.9009 	0
1.9029 	0
1.9049 	0
1.9069 	0
1.9089 	0
1.9109 	0
1.9129 	0
1.9149 	1
1.9169 	0
1.9189 	0
1.9209 	0
1.9229 	0
1.9249 	0
1.9269 	0
1.9289 	0
1.9309 	0
1.9329 	0
1.9349 	0
1.9369 	2
1.9389 	4
1.9409 	5
1.9429 	7
1.9449 	7
1.9469 	4
1.9489 	3
1.9509 	4
1.9529 	2
1.9549 	2
1.9569 	0
1.9589 	0
1.9609 	0
1.9629 	0
1.9649 	0
1.9669 	0
1.9689 	0
1.9709 	0
1.9729 	0
1.9749 	0
1.9769 	0
1.9789 	0
1.9809 	0
1.9829 	0
1.9849 	0
1.9869 	2
1.9889 	3
1.9909 	15
1.9929 	37
1.9949 	90
1.9969 	131
1.9989 	121
2.0009 	71
2.0029 	31
2.0049 	15
2.0069 	1
2.0089 	1
2.0109 	0
2.0129 	0
2.0149 	0
2.0169 	0
2.0189 	0
2.0209 	0
2.0229 	0
2.0249 	0
2.0269 	0
2.0289 	0
2.0309 	0
2.0329 	0
2.0349 	0
2.0369 	0
2.0389 	0
2.0409 	0
2.0429 	0
2.0449 	0
2.0469 	0
2.0489 	0
2.0509 	0
2.0529 	0
2.0549 	0
2.0569 	0
2.0589 	3
2.0609 	2
2.0629 	1
2.0649 	0
2.0669 	0
2.0689 	0
2.0709 	0
2.0729 	0
2.0749 	0
2.0769 	0
2.0789 	1
2.0809 	2
2.0829 	0
2.0849 	0
2.0869 	1
2.0889 	0
2.0909 	0
2.0929 	0
2.0949 	0
2.0969 	0
2.0989 	0
2.1009 	0
2.1029 	0
2.1049 	0
2.1069 	0
2.1089 	0
2.1109 	0
2.1129 	0
2.1149 	0
2.1169 	0
2.1189 	0
2.1209 	0
2.1229 	0
2.1249 	0
2.1269 	0
2.1289 	0
2.1309 	0
2.1329 	0
2.1349 	0
2.1369 	0
2.1389 	0
2.1409 	0
2.1429 	4
2.1449 	3
2.1469 	1
2.1489 	1
2.1509 	1
2.1529 	0
2.1549 	0
2.1569 	0
2.1589 	0
2.1609 	0
2.1629 	0
2.1649 	0
2.1669 	0
2.1689 	0
2.1709 	0
2.1729 	0
2.1749 	0
2.1769 	0
2.1789 	0
2.1809 	0
2.1829 	0
2.1849 	0
2.1869 	0
2.1889 	0
2.1909 	0
2.1929 	0
2.1949 	0
2.1969 	0
2.1989 	0
2.2009 	0
2.2029 	0
2.2049 	0
2.2069 	0
2.2089 	0
2.2109 	1
2.2129 	0
2.2149 	0
2.2169 	0
2.2189 	0
2.2209 	0
2.2229 	0
2.2249 	0
2.2269 	0
2.2289 	0
2.2309 	0
2.2329 	0
2.2349 	0
2.2369 	0
2.2389 	0
2.2409 	0
2.2429 	0
2.2449 	0
2.2469 	1
2.2489 	1
2.2509 	0
2.2529 	0
2.2549 	0
2.2569 	0
2.2589 	0
2.2609 	0
2.2629 	0
2.2649 	0
2.2669 	0
2.2689 	0
2.2709 	0
2.2729 	0
2.2749 	0
2.2769 	0
2.2789 	0
2.2809 	0
2.2829 	0
2.2849 	0
2.2869 	0
2.2889 	1
2.2909 	0
2.2929 	2
2.2949 	0
2.2969 	0
2.2989 	0
2.3009 	0
2.3029 	0
2.3049 	0
2.3069 	0
2.3089 	2
2.3109 	3
2.3129 	2
2.3149 	0
2.3169 	0
2.3189 	0
2.3209 	0
2.3229 	0
2.3249 	0
2.3269 	0
2.3289 	1
2.3309 	2
2.3329 	3
2.3349 	1
2.3369 	0
2.3389 	0
2.3409 	0
2.3429 	0
2.3449 	1
2.3469 	1
2.3489 	0
2.3509 	0
2.3529 	0
2.3549 	0
2.3569 	0
2.3589 	1
2.3609 	0
2.3629 	0
2.3649 	0
2.3669 	0
2.3689 	0
2.3709 	0
2.3729 	3
2.3749 	1
2.3769 	3
2.3789 	1
2.3809 	3
2.3829 	1
2.3849 	0
2.3869 	0
2.3889 	0
2.3909 	0
2.3929 	0
2.3949 	0
2.3969 	1
2.3989 	1
2.4009 	2
2.4029 	0
2.4049 	0
2.4069 	0
2.4089 	0
2.4109 	0
2.4129 	0
2.4149 	0
2.4169 	0
2.4189 	0
2.4209 	0
2.4229 	0
2.4249 	0
2.4269 	0
2.4289 	3
2.4309 	2
2.4329 	1
2.4349 	0
2.4369 	0
2.4389 	0
2.4409 	0
2.4429 	0
2.4449 	0
2.4469 	0
2.4489 	0
2.4509 	0
2.4529 	0
2.4549 	0
2.4569 	0
2.4589 	1
2.4609 	0
2.4629 	0
2.4649 	0
2.4669 	0
2.4689 	0
2.4709 	0
2.4729 	0
2.4749 	0
2.4769 	0
2.4789 	0
2.4809 	0
2.4829 	2
2.4849 	0
2.4869 	0
2.4889 	0
2.4909 	0
2.4929 	0
2.4949 	0
2.4969 	1
2.4989 	0
2.5009 	0
2.5029 	0
2.5049 	0
2.5069 	0
2.5089 	0
2.5109 	0
2.5129 	0
2.5149 	0
2.5169 	0
2.5189 	0
2.5209 	0
2.5229 	0
2.5249 	0
2.5269 	0
2.5289 	0
2.5309 	0
2.5329 	0
2.5349 	0
2.5369 	0
2.5389 	0
2.5409 	0
2.5429 	0
2.5449 	0
2.5469 	0
2.5489 	0
2.5509 	0
2.5529 	0
2.5549 	2
2.5569 	2
2.5589 	0
2.5609 	0
2.5629 	0
2.5649 	1
2.5669 	0
2.5689 	0
2.5709 	0
2.5729 	0
2.5749 	0
2.5769 	0
2.5789 	0
2.5809 	0
2.5829 	0
2.5849 	0
2.5869 	0
2.5889 	0
2.5909 	0
2.5929 	0
2.5949 	0
2.5969 	0
2.5989 	0
2.6009 	0
2.6029 	0
2.6049 	0
2.6069 	0
2.6089 	0
2.6109 	0
2.6129 	0
2.6149 	0
2.6169 	0
2.6189 	0
2.6209 	0
2.6229 	0
2.6249 	0
2.6269 	0
2.6289 	0
2.6309 	0
2.6329 	0
2.6349 	0
2.6369 	0
2.6389 	0
2.6409 	0
2.6429 	0
2.6449 	0
2.6469 	0
2.6489 	0
2.6509 	0
2.6529 	0
2.6549 	0
2.6569 	0
2.6589 	0
2.6609 	0
2.6629 	0
2.6649 	0
2.6669 	0
2.6689 	0
2.6709 	0
2.6729 	0
2.6749 	0
2.6769 	0
2.6789 	0
2.6809 	0
2.6829 	0
2.6849 	0
2.6869 	0
2.6889 	0
2.6909 	1
2.6929 	0
2.6949 	0
2.6969 	0
2.6989 	0
2.7009 	0
2.7029 	0
2.7049 	0
2.7069 	0
2.7089 	0
2.7109 	0
2.7129 	0
2.7149 	0
2.7169 	0
2.7189 	0
2.7209 	0
2.7229 	0
2.7249 	0
2.7269 	0
2.7289 	0
2.7309 	0
2.7329 	0
2.7349 	0
2.7369 	0
2.7389 	0
2.7409 	0
2.7429 	0
2.7449 	0
2.7469 	0
2.7489 	0
2.7509 	0
2.7529 	0
2.7549 	0
2.7569 	0
2.7589 	0
2.7609 	0
2.7629 	0
2.7649 	0
2.7669 	0
2.7689 	0
2.7709 	0
2.7729 	0
2.7749 	0
2.7769 	0
2.7789 	0
2.7809 	0
2.7829 	0
2.7849 	0
2.7869 	0
2.7889 	0
2.7909 	0
2.7929 	0
2.7949 	0
2.7969 	0
2.7989 	0
2.8009 	0
2.8029 	0
2.8049 	0
2.8069 	0
2.8089 	0
2.8109 	0
2.8129 	0
2.8149 	0
2.8169 	0
2.8189 	0
2.8209 	0
2.8229 	0
2.8249 	0
2.8269 	0
2.8289 	0
2.8309 	0
2.8329 	0
2.8349 	0
2.8369 	0
2.8389 	0
2.8409 	0
2.8429 	0
2.8449 	0
2.8469 	0
2.8489 	0
2.8509 	0
2.8529 	1
2.8549 	1
2.8569 	0
2.8589 	0
2.8609 	0
2.8629 	0
2.8649 	0
2.8669 	0
2.8689 	0
2.8709 	0
2.8729 	0
2.8749 	0
2.8769 	0
2.8789 	0
2.8809 	0
2.8829 	1
2.8849 	3
2.8869 	1
2.8889 	0
2.8909 	0
2.8929 	0
2.8949 	0
2.8969 	0
2.8989 	0
2.9009 	1
2.9029 	1
2.9049 	0
2.9069 	0
2.9089 	1
2.9109 	0
2.9129 	0
2.9149 	0
2.9169 	1
2.9189 	2
2.9209 	3
2.9229 	2
2.9249 	0
2.9269 	0
2.9289 	0
2.9309 	0
2.9329 	0
2.9349 	0
2.9369 	0
2.9389 	0
2.9409 	1
2.9429 	2
2.9449 	1
2.9469 	0
2.9489 	0
2.9509 	0
2.9529 	0
2.9549 	0
2.9569 	0
2.9589 	0
2.9609 	0
2.9629 	0
2.9649 	0
2.9669 	0
2.9689 	0
2.9709 	0
2.9729 	0
2.9749 	0
2.9769 	0
2.9789 	0
2.9809 	1
2.9829 	3
2.9849 	1
2.9869 	3
2.9889 	0
2.9909 	0
2.9929 	1
2.9949 	1
2.9969 	0
2.9989 	0
3.0009 	1
3.0029 	0
3.0049 	1
3.0069 	0
3.0089 	0
3.0109 	0
3.0129 	0
3.0149 	0
3.0169 	0
3.0189 	0
3.0209 	0
3.0229 	0
3.0249 	0
3.0269 	0
3.0289 	1
3.0309 	0
3.0329 	0
3.0349 	1
3.0369 	2
3.0389 	3
3.0409 	1
3.0429 	0
3.0449 	0
3.0469 	0
3.0489 	0
3.0509 	0
3.0529 	0
3.0549 	1
3.0569 	3
3.0589 	4
3.0609 	4
3.0629 	1
3.0649 	0
3.0669 	0
3.0689 	0
3.0709 	0
3.0729 	1
3.0749 	0
3.0769 	2
3.0789 	1
3.0809 	2
3.0829 	0
3.0849 	0
3.0869 	0
3.0889 	0
3.0909 	0
3.0929 	0
3.0949 	0
3.0969 	0
3.0989 	0
3.1009 	0
3.1029 	0
3.1049 	0
3.1069 	0
3.1089 	0
3.1109 	0
3.1129 	1
3.1149 	1
3.1169 	2
3.1189 	0
3.1209 	0
3.1229 	0
3.1249 	0
3.1269 	0
3.1289 	0
3.1309 	0
3.1329 	0
3.1349 	0
3.1369 	0
3.1389 	0
3.1409 	0
3.1429 	0
3.1449 	0
3.1469 	0
3.1489 	0
3.1509 	0
3.1529 	0
3.1549 	0
3.1569 	0
3.1589 	0
3.1609 	0
3.1629 	0
3.1649 	0
3.1669 	1
3.1689 	1
3.1709 	3
3.1729 	1
3.1749 	0
3.1769 	0
3.1789 	0
3.1809 	0
3.1829 	0
3.1849 	0
3.1869 	0
3.1889 	0
3.1909 	0
3.1929 	0
3.1949 	0
3.1969 	0
3.1989 	0
3.2009 	0
3.2029 	0
3.2049 	0
3.2069 	0
3.2089 	0
3.2109 	2
3.2129 	4
3.2149 	2
3.2169 	1
3.2189 	0
3.2209 	0
3.2229 	0
3.2249 	0
3.2269 	0
3.2289 	0
3.2309 	0
3.2329 	0
3.2349 	0
3.2369 	0
3.2389 	0
3.2409 	0
3.2429 	0
3.2449 	0
3.2469 	0
3.2489 	0
3.2509 	0
3.2529 	0
3.2549 	0
3.2569 	0
3.2589 	0
3.2609 	0
3.2629 	0
3.2649 	0
3.2669 	0
3.2689 	0
3.2709 	0
3.2729 	0
3.2749 	0
3.2769 	0
3.2789 	0
3.2809 	0
3.2829 	0
3.2849 	0
3.2869 	0
3.2889 	0
3.2909 	0
3.2929 	2
3.2949 	4
3.2969 	2
3.2989 	1
3.3009 	0
3.3029 	0
3.3049 	0
3.3069 	0
3.3089 	3
3.3109 	2
3.3129 	0
3.3149 	0
3.3169 	0
3.3189 	0
3.3209 	0
3.3229 	0
3.3249 	0
3.3269 	0
3.3289 	0
3.3309 	0
3.3329 	0
3.3349 	0
3.3369 	0
3.3389 	0
3.3409 	0
3.3429 	0
3.3449 	0
3.3469 	0
3.3489 	0
3.3509 	0
3.3529 	0
3.3549 	0
3.3569 	0
3.3589 	0
3.3609 	0
3.3629 	0
3.3649 	0
3.3669 	0
3.3689 	0
3.3709 	0
3.3729 	0
3.3749 	0
3.3769 	0
3.3789 	0
3.3809 	0
3.3829 	0
3.3849 	0
3.3869 	0
3.3889 	0
3.3909 	0
3.3929 	0
3.3949 	0
3.3969 	0
3.3989 	0
3.4009 	1
3.4029 	0
3.4049 	0
3.4069 	0
3.4089 	0
3.4109 	0
3.4129 	0
3.4149 	0
3.4169 	0
3.4189 	0
3.4209 	0
3.4229 	0
3.4249 	0
3.4269 	0
3.4289 	0
3.4309 	0
3.4329 	0
3.4349 	0
3.4369 	1
3.4389 	3
3.4409 	0
3.4429 	2
3.4449 	3
3.4469 	2
3.4489 	2
3.4509 	1
3.4529 	0
3.4549 	0
3.4569 	0
3.4589 	0
3.4609 	0
3.4629 	0
3.4649 	0
3.4669 	0
3.4689 	0
3.4709 	0
3.4729 	0
3.4749 	0
3.4769 	0
3.4789 	0
3.4809 	0
3.4829 	0
3.4849 	0
3.4869 	0
3.4889 	0
3.4909 	0
3.4929 	2
3.4949 	2
3.4969 	2
3.4989 	0
3.5009 	1
3.5029 	0
3.5049 	0
3.5069 	0
3.5089 	0
3.5109 	1
3.5129 	2
3.5149 	2
3.5169 	2
3.5189 	3
3.5209 	2
3.5229 	1
3.5249 	0
3.5269 	0
3.5289 	0
3.5309 	0
3.5329 	0
3.5349 	0
3.5369 	0
3.5389 	0
3.5409 	0
3.5429 	0
3.5449 	0
3.5469 	0
3.5489 	1
3.5509 	1
3.5529 	2
3.5549 	0
3.5569 	0
3.5589 	0
3.5609 	0
3.5629 	0
3.5649 	0
3.5669 	0
3.5689 	0
3.5709 	0
3.5729 	0
3.5749 	0
3.5769 	0
3.5789 	1
3.5809 	2
3.5829 	0
3.5849 	0
3.5869 	0
3.5889 	0
3.5909 	0
3.5929 	0
3.5949 	0
3.5969 	0
3.5989 	1
3.6009 	1
3.6029 	3
3.6049 	1
3.6069 	1
3.6089 	0
3.6109 	0
3.6129 	0
3.6149 	0
3.6169 	0
3.6189 	0
3.6209 	0
3.6229 	0
3.6249 	0
3.6269 	0
3.6289 	0
3.6309 	2
3.6329 	0
3.6349 	1
3.6369 	0
3.6389 	0
3.6409 	0
3.6429 	2
3.6449 	3
3.6469 	0
3.6489 	0
3.6509 	0
3.6529 	0
3.6549 	0
3.6569 	0
3.6589 	0
3.6609 	0
3.6629 	0
3.6649 	0
3.6669 	0
3.6689 	0
3.6709 	0
3.6729 	1
3.6749 	0
3.6769 	1
3.6789 	0
3.6809 	0
3.6829 	0
3.6849 	0
3.6869 	0
3.6889 	0
3.6909 	0
3.6929 	0
3.6949 	0
3.6969 	0
3.6989 	0
3.7009 	0
3.7029 	0
3.7049 	0
3.7069 	0
3.7089 	0
3.7109 	0
3.7129 	0
3.7149 	0
3.7169 	0
3.7189 	0
3.7209 	0
3.7229 	0
3.7249 	0
3.7269 	0
3.7289 	0
3.7309 	0
3.7329 	0
3.7349 	0
3.7369 	0
3.7389 	0
3.7409 	0
3.7429 	0
3.7449 	0
3.7469 	0
3.7489 	0
3.7509 	0
3.7529 	0
3.7549 	0
3.7569 	0
3.7589 	3
3.7609 	1
3.7629 	3
3.7649 	2
3.7669 	1
3.7689 	2
3.7709 	1
3.7729 	0
3.7749 	1
3.7769 	1
3.7789 	1
3.7809 	0
3.7829 	0
3.7849 	0
3.7869 	0
3.7889 	0
3.7909 	1
3.7929 	2
3.7949 	1
3.7969 	1
3.7989 	2
3.8009 	0
3.8029 	0
3.8049 	0
3.8069 	0
3.8089 	0
3.8109 	0
3.8129 	0
3.8149 	0
3.8169 	0
3.8189 	0
3.8209 	0
3.8229 	0
3.8249 	0
3.8269 	0
3.8289 	0
3.8309 	2
3.8329 	0
3.8349 	0
3.8369 	0
3.8389 	0
3.8409 	2
3.8429 	1
3.8449 	2
3.8469 	1
3.8489 	3
3.8509 	1
3.8529 	3
3.8549 	1
3.8569 	0
3.8589 	1
3.8609 	0
3.8629 	0
3.8649 	0
3.8669 	0
3.8689 	0
3.8709 	0
3.8729 	0
3.8749 	0
3.8769 	0
3.8789 	0
3.8809 	0
3.8829 	0
3.8849 	0
3.8869 	2
3.8889 	3
3.8909 	3
3.8929 	2
3.8949 	0
3.8969 	0
3.8989 	0
3.9009 	0
3.9029 	2
3.9049 	2
3.9069 	0
3.9089 	0
3.9109 	0
3.9129 	0
3.9149 	0
3.9169 	0
3.9189 	0
3.9209 	0
3.9229 	0
3.9249 	0
3.9269 	0
3.9289 	0
3.9309 	0
3.9329 	0
3.9349 	0
3.9369 	1
3.9389 	3
3.9409 	4
3.9429 	2
3.9449 	3
3.9469 	3
3.9489 	2
3.9509 	0
3.9529 	0
3.9549 	0
3.9569 	0
3.9589 	0
3.9609 	0
3.9629 	0
3.9649 	0
3.9669 	0
3.9689 	0
3.9709 	0
3.9729 	0
3.9749 	0
3.9769 	0
3.9789 	0
3.9809 	0
3.9829 	0
3.9849 	0
3.9869 	0
3.9889 	0
3.9909 	0
3.9929 	0
3.9949 	0
3.9969 	0
3.9989 	0
4.0009 	1
4.0029 	2
4.0049 	1
4.0069 	1
4.0089 	2
4.0109 	0
4.0129 	0
4.0149 	0
4.0169 	0
4.0189 	3
4.0209 	2
4.0229 	4
4.0249 	2
4.0269 	1
4.0289 	0
4.0309 	0
4.0329 	0
4.0349 	0
4.0369 	0
4.0389 	0
4.0409 	0
4.0429 	0
4.0449 	0
4.0469 	0
4.0489 	0
4.0509 	0
4.0529 	0
4.0549 	0
4.0569 	0
4.0589 	0
4.0609 	0
4.0629 	0
4.0649 	1
4.0669 	1
4.0689 	0
4.0709 	1
4.0729 	2
4.0749 	2
4.0769 	0
4.0789 	0
4.0809 	0
4.0829 	0
4.0849 	0
4.0869 	0
4.0889 	0
4.0909 	0
4.0929 	0
4.0949 	0
4.0969 	0
4.0989 	0
4.1009 	0
4.1029 	0
4.1049 	0
4.1069 	0
4.1089 	0
4.1109 	0
4.1129 	0
4.1149 	0
4.1169 	0
4.1189 	0
4.1209 	0
4.1229 	0
4.1249 	1
4.1269 	0
4.1289 	0
4.1309 	0
4.1329 	0
4.1349 	2
4.1369 	0
4.1389 	0
4.1409 	0
4.1429 	1
4.1449 	1
4.1469 	0
4.1489 	0
4.1509 	0
4.1529 	0
4.1549 	0
4.1569 	0
4.1589 	1
4.1609 	0
4.1629 	0
4.1649 	0
4.1669 	0
4.1689 	0
4.1709 	0
4.1729 	0
4.1749 	0
4.1769 	0
4.1789 	0
4.1809 	0
4.1829 	0
4.1849 	0
4.1869 	0
4.1889 	0
4.1909 	0
4.1929 	0
4.1949 	0
4.1969 	0
4.1989 	0
4.2009 	0
4.2029 	0
4.2049 	0
4.2069 	0
4.2089 	0
4.2109 	0
4.2129 	0
4.2149 	0
4.2169 	0
4.2189 	0
4.2209 	0
4.2229 	0
4.2249 	0
4.2269 	0
4.2289 	0
4.2309 	0
4.2329 	0
4.2349 	0
4.2369 	0
4.2389 	0
4.2409 	0
4.2429 	0
4.2449 	0
4.2469 	0
4.2489 	0
4.2509 	0
4.2529 	1
4.2549 	2
4.2569 	3
4.2589 	2
4.2609 	1
4.2629 	0
4.2649 	0
4.2669 	0
4.2689 	0
4.2709 	0
4.2729 	0
4.2749 	0
4.2769 	0
4.2789 	0
4.2809 	0
4.2829 	0
4.2849 	0
4.2869 	0
4.2889 	0
4.2909 	0
4.2929 	0
4.2949 	0
4.2969 	0
4.2989 	0
4.3009 	0
4.3029 	0
4.3049 	0
4.3069 	0
4.3089 	0
4.3109 	1
4.3129 	0
4.3149 	0
4.3169 	0
4.3189 	0
4.3209 	0
4.3229 	0
4.3249 	0
4.3269 	0
4.3289 	0
4.3309 	0
4.3329 	0
4.3349 	0
4.3369 	0
4.3389 	0
4.3409 	0
4.3429 	0
4.3449 	0
4.3469 	0
4.3489 	0
4.3509 	0
4.3529 	0
4.3549 	0
4.3569 	0
4.3589 	0
4.3609 	0
4.3629 	1
4.3649 	0
4.3669 	0
4.3689 	0
4.3709 	0
4.3729 	1
4.3749 	1
4.3769 	0
4.3789 	0
4.3809 	0
4.3829 	0
4.3849 	0
4.3869 	0
4.3889 	0
4.3909 	0
4.3929 	0
4.3949 	0
4.3969 	0
4.3989 	0
4.4009 	1
4.4029 	2
4.4049 	0
4.4069 	0
4.4089 	0
4.4109 	0
4.4129 	1
4.4149 	0
4.4169 	0
4.4189 	0
4.4209 	0
4.4229 	0
4.4249 	0
4.4269 	0
4.4289 	0
4.4309 	0
4.4329 	0
4.4349 	0
4.4369 	0
4.4389 	0
4.4409 	0
4.4429 	0
4.4449 	0
4.4469 	1
4.4489 	1
4.4509 	2
4.4529 	0
4.4549 	0
4.4569 	0
4.4589 	0
4.4609 	0
4.4629 	0
4.4649 	0
4.4669 	0
4.4689 	0
4.4709 	0
4.4729 	0
4.4749 	0
4.4769 	0
4.4789 	0
4.4809 	0
4.4829 	0
4.4849 	0
4.4869 	0
4.4889 	0
4.4909 	0
4.4929 	0
4.4949 	0
4.4969 	0
4.4989 	0
4.5009 	0
4.5029 	0
4.5049 	0
4.5069 	0
4.5089 	0
4.5109 	0
4.5129 	0
4.5149 	0
4.5169 	0
4.5189 	0
4.5209 	0
4.5229 	0
4.5249 	0
4.5269 	0
4.5289 	0
4.5309 	1
4.5329 	0
4.5349 	0
4.5369 	0
4.5389 	1
4.5409 	0
4.5429 	0
4.5449 	0
4.5469 	0
4.5489 	0
4.5509 	0
4.5529 	0
4.5549 	0
4.5569 	0
4.5589 	1
4.5609 	0
4.5629 	0
4.5649 	0
4.5669 	0
4.5689 	0
4.5709 	0
4.5729 	1
4.5749 	0
4.5769 	1
4.5789 	0
4.5809 	0
4.5829 	0
4.5849 	2
4.5869 	2
4.5889 	0
4.5909 	0
4.5929 	0
4.5949 	0
4.5969 	1
4.5989 	1
4.6009 	1
4.6029 	0
4.6049 	0
4.6069 	0
4.6089 	0
4.6109 	0
4.6129 	2
4.6149 	0
4.6169 	1
4.6189 	3
4.6209 	2
4.6229 	0
4.6249 	0
4.6269 	0
4.6289 	0
4.6309 	0
4.6329 	0
4.6349 	0
4.6369 	0
4.6389 	0
4.6409 	0
4.6429 	0
4.6449 	0
4.6469 	0
4.6489 	0
4.6509 	0
4.6529 	0
4.6549 	0
4.6569 	0
4.6589 	0
4.6609 	0
4.6629 	0
4.6649 	0
4.6669 	0
4.6689 	0
4.6709 	0
4.6729 	0
4.6749 	2
4.6769 	2
4.6789 	1
4.6809 	0
4.6829 	0
4.6849 	0
4.6869 	0
4.6889 	0
4.6909 	0
4.6929 	0
4.6949 	0
4.6969 	0
4.6989 	0
4.7009 	0
4.7029 	0
4.7049 	1
4.7069 	0
4.7089 	1
4.7109 	0
4.7129 	0
4.7149 	0
4.7169 	0
4.7189 	0
4.7209 	0
4.7229 	0
4.7249 	0
4.7269 	0
4.7289 	0
4.7309 	0
4.7329 	0
4.7349 	0
4.7369 	0
4.7389 	0
4.7409 	0
4.7429 	0
4.7449 	0
4.7469 	0
4.7489 	0
4.7509 	0
4.7529 	0
4.7549 	0
4.7569 	0
4.7589 	0
4.7609 	0
4.7629 	0
4.7649 	0
4.7669 	0
4.7689 	0
4.7709 	0
4.7729 	0
4.7749 	0
4.7769 	0
4.7789 	0
4.7809 	0
4.7829 	0
4.7849 	0
4.7869 	0
4.7889 	0
4.7909 	0
4.7929 	0
4.7949 	0
4.7969 	0
4.7989 	1
4.8009 	0
4.8029 	0
4.8049 	0
4.8069 	0
4.8089 	0
4.8109 	0
4.8129 	0
4.8149 	1
4.8169 	2
4.8189 	2
4.8209 	1
4.8229 	0
4.8249 	0
4.8269 	0
4.8289 	2
4.8309 	2
4.8329 	1
4.8349 	0
4.8369 	1
4.8389 	0
4.8409 	0
4.8429 	0
4.8449 	0
4.8469 	0
4.8489 	0
4.8509 	0
4.8529 	0
4.8549 	0
4.8569 	0
4.8589 	0
4.8609 	0
4.8629 	0
4.8649 	0
4.8669 	0
4.8689 	0
4.8709 	0
4.8729 	0
4.8749 	0
4.8769 	0
4.8789 	0
4.8809 	0
4.8829 	0
4.8849 	0
4.8869 	0
4.8889 	0
4.8909 	0
4.8929 	0
4.8949 	0
4.8969 	0
4.8989 	0
4.9009 	0
4.9029 	0
4.9049 	0
4.9069 	0
4.9089 	0
4.9109 	0
4.9129 	0
4.9149 	1
4.9169 	3
4.9189 	2
4.9209 	1
4.9229 	0
4.9249 	0
4.9269 	0
4.9289 	0
4.9309 	0
4.9329 	0
4.9349 	0
4.9369 	0
4.9389 	2
4.9409 	3
4.9429 	2
4.9449 	0
4.9469 	0
4.9489 	0
4.9509 	0
4.9529 	0
4.9549 	0
4.9569 	0
4.9589 	0
4.9609 	0
4.9629 	0
4.9649 	0
4.9669 	3
4.9689 	1
4.9709 	0
4.9729 	1
4.9749 	3
4.9769 	1
4.9789 	0
4.9809 	0
4.9829 	1
4.9849 	2
4.9869 	0
4.9889 	0
4.9909 	0
4.9929 	0
4.9949 	0
4.9969 	0
4.9989 	0
5.0009 	0
5.0029 	0
