0.0009 	0
0.0029 	0
0.0049 	0
0.0069 	0
0.0089 	0
0.0109 	0
0.0129 	0
0.0149 	0
0.0169 	0
0.0189 	0
0.0209 	0
0.0229 	0
0.0249 	0
0.0269 	0
0.0289 	0
0.0309 	0
0.0329 	0
0.0349 	0
0.0369 	0
0.0389 	0
0.0409 	0
0.0429 	0
0.0449 	0
0.0469 	0
0.0489 	0
0.0509 	0
0.0529 	0
0.0549 	0
0.0569 	0
0.0589 	0
0.0609 	0
0.0629 	0
0.0649 	0
0.0669 	0
0.0689 	0
0.0709 	0
0.0729 	0
0.0749 	0
0.0769 	0
0.0789 	0
0.0809 	0
0.0829 	0
0.0849 	0
0.0869 	0
0.0889 	0
0.0909 	0
0.0929 	0
0.0949 	0
0.0969 	0
0.0989 	0
0.1009 	0
0.1029 	0
0.1049 	0
0.1069 	0
0.1089 	0
0.1109 	0
0.1129 	0
0.1149 	0
0.1169 	0
0.1189 	0
0.1209 	0
0.1229 	0
0.1249 	0
0.1269 	0
0.1289 	0
0.1309 	0
0.1329 	0
0.1349 	0
0.1369 	0
0.1389 	0
0.1409 	0
0.1429 	0
0.1449 	0
0.1469 	0
0.1489 	0
0.1509 	0
0.1529 	0
0.1549 	0
0.1569 	0
0.1589 	0
0.1609 	0
0.1629 	0
0.1649 	0
0.1669 	0
0.1689 	0
0.1709 	0
0.1729 	0
0.1749 	0
0.1769 	0
0.1789 	0
0.1809 	0
0.1829 	0
0.1849 	0
0.1869 	0
0.1889 	0
0.1909 	0
0.1929 	0
0.1949 	0
0.1969 	0
0.1989 	0
0.2009 	0
0.2029 	0
0.2049 	0
0.2069 	0
0.2089 	0
0.2109 	0
0.2129 	0
0.2149 	0
0.2169 	0
0.2189 	0
0.2209 	0
0.2229 	0
0.2249 	0
0.2269 	0
0.2289 	0
0.2309 	0
0.2329 	0
0.2349 	0
0.2369 	0
0.2389 	0
0.2409 	0
0.2429 	0
0.2449 	0
0.2469 	0
0.2489 	0
0.2509 	0
0.2529 	0
0.2549 	0
0.2569 	0
0.2589 	0
0.2609 	0
0.2629 	0
0.2649 	0
0.2669 	0
0.2689 	0
0.2709 	0
0.2729 	0
0.2749 	0
0.2769 	0
0.2789 	0
0.2809 	0
0.2829 	0
0.2849 	0
0.2869 	0
0.2889 	0
0.2909 	0
0.2929 	0
0.2949 	0
0.2969 	0
0.2989 	0
0.3009 	0
0.3029 	454
0.3049 	210
0.3069 	47
0.3089 	23
0.3109 	27
0.3129 	20
0.3149 	20
0.3169 	27
0.3189 	20
0.3209 	24
0.3229 	24
0.3249 	37
0.3269 	71
0.3289 	39
0.3309 	16
0.3329 	4
0.3349 	2
0.3369 	5
0.3389 	23
0.3409 	214
0.3429 	215
0.3449 	104
0.3469 	64
0.3489 	37
0.3509 	4
0.3529 	74
0.3549 	436
0.3569 	69
0.3589 	27
0.3609 	27
0.3629 	4
0.3649 	1
0.3669 	0
0.3689 	56
0.3709 	274
0.3729 	92
0.3749 	46
0.3769 	147
0.3789 	105
0.3809 	43
0.3829 	32
0.3849 	51
0.3869 	93
0.3889 	78
0.3909 	49
0.3929 	42
0.3949 	19
0.3969 	15
0.3989 	270
0.4009 	49
0.4029 	2
0.4049 	0
0.4069 	0
0.4089 	0
0.4109 	26
0.4129 	325
0.4149 	82
0.4169 	42
0.4189 	50
0.4209 	35
0.4229 	32
0.4249 	12
0.4269 	296
0.4289 	69
0.4309 	44
0.4329 	18
0.4349 	17
0.4369 	14
0.4389 	119
0.4409 	98
0.4429 	107
0.4449 	129
0.4469 	4973
0.4489 	47211
0.4509 	7836
0.4529 	10
0.4549 	0
0.4569 	0
0.4589 	0
0.4609 	0
0.4629 	0
0.4649 	0
0.4669 	2
0.4689 	20
0.4709 	61
0.4729 	6657
0.4749 	1053
0.4769 	22
0.4789 	30
0.4809 	29
0.4829 	35
0.4849 	27
0.4869 	38
0.4889 	44
0.4909 	42
0.4929 	1644
0.4949 	44186
0.4969 	9863
0.4989 	23
0.5009 	32
0.5029 	6252
0.5049 	52860
0.5069 	323
0.5089 	98
0.5109 	143
0.5129 	268
0.5149 	860
0.5169 	3386
0.5189 	12360
0.5209 	16134
0.5229 	12223
0.5249 	13326
0.5269 	18929
0.5289 	19904
0.5309 	14203
0.5329 	3820
0.5349 	127
0.5369 	40
0.5389 	6492
0.5409 	2786
0.5429 	39
0.5449 	556
0.5469 	11615
0.5489 	38585
0.5509 	10268
0.5529 	299
0.5549 	56
0.5569 	190
0.5589 	340
0.5609 	47
0.5629 	685
0.5649 	42273
0.5669 	20740
0.5689 	5464
0.5709 	5971
0.5729 	12218
0.5749 	14617
0.5769 	15148
0.5789 	13366
0.5809 	3038
0.5829 	49
0.5849 	33
0.5869 	49
0.5889 	115
0.5909 	2208
0.5929 	1121
0.5949 	1046
0.5969 	912
0.5989 	1139
0.6009 	3554
0.6029 	17613
0.6049 	30859
0.6069 	12700
0.6089 	8682
0.6109 	4373
0.6129 	2142
0.6149 	1116
0.6169 	543
0.6189 	363
0.6209 	289
0.6229 	330
0.6249 	294
0.6269 	247
0.6289 	366
0.6309 	13815
0.6329 	8033
0.6349 	14471
0.6369 	10600
0.6389 	927
0.6409 	209
0.6429 	307
0.6449 	503
0.6469 	623
0.6489 	901
0.6509 	457
0.6529 	375
0.6549 	451
0.6569 	635
0.6589 	4281
0.6609 	15764
0.6629 	22948
0.6649 	14170
0.6669 	5944
0.6689 	3044
0.6709 	2129
0.6729 	1845
0.6749 	1560
0.6769 	1398
0.6789 	1468
0.6809 	1777
0.6829 	2257
0.6849 	3102
0.6869 	4366
0.6889 	5979
0.6909 	6580
0.6929 	5340
0.6949 	2746
0.6969 	1555
0.6989 	1215
0.7009 	1487
0.7029 	1824
0.7049 	2012
0.7069 	1718
0.7089 	1114
0.7109 	799
0.7129 	728
0.7149 	858
0.7169 	1305
0.7189 	2382
0.7209 	3819
0.7229 	5902
0.7249 	8747
0.7269 	11984
0.7289 	11732
0.7309 	8299
0.7329 	5406
0.7349 	3634
0.7369 	2391
0.7389 	1496
0.7409 	1014
0.7429 	780
0.7449 	621
0.7469 	771
0.7489 	1011
0.7509 	1194
0.7529 	1526
0.7549 	2273
0.7569 	3424
0.7589 	4523
0.7609 	4999
0.7629 	5172
0.7649 	4957
0.7669 	4628
0.7689 	4172
0.7709 	3483
0.7729 	2555
0.7749 	1819
0.7769 	1373
0.7789 	1187
0.7809 	819
0.7829 	796
0.7849 	879
0.7869 	1084
0.7889 	1236
0.7909 	1000
0.7929 	674
0.7949 	624
0.7969 	575
0.7989 	648
0.8009 	837
0.8029 	1180
0.8049 	2039
0.8069 	3728
0.8089 	7937
0.8109 	17635
0.8129 	25310
0.8149 	13749
0.8169 	3778
0.8189 	845
0.8209 	276
0.8229 	116
0.8249 	65
0.8269 	63
0.8289 	58
0.8309 	73
0.8329 	229
0.8349 	273
0.8369 	399
0.8389 	841
0.8409 	1704
0.8429 	3157
0.8449 	5121
0.8469 	7117
0.8489 	7935
0.8509 	7461
0.8529 	6591
0.8549 	5784
0.8569 	5976
0.8589 	8576
0.8609 	11528
0.8629 	14315
0.8649 	15431
0.8669 	15680
0.8689 	14525
0.8709 	13197
0.8729 	13264
0.8749 	14268
0.8769 	16959
0.8789 	19289
0.8809 	21657
0.8829 	19206
0.8849 	8720
0.8869 	6952
0.8889 	6890
0.8909 	8394
0.8929 	9930
0.8949 	12493
0.8969 	14108
0.8989 	14982
0.9009 	16394
0.9029 	16421
0.9049 	12703
0.9069 	11093
0.9089 	10389
0.9109 	10210
0.9129 	9582
0.9149 	8551
0.9169 	6776
0.9189 	5370
0.9209 	4456
0.9229 	2614
0.9249 	1034
0.9269 	373
0.9289 	177
0.9309 	119
0.9329 	225
0.9349 	839
0.9369 	57974
0.9389 	838
0.9409 	383
0.9429 	230
0.9449 	274
0.9469 	404
0.9489 	615
0.9509 	2321
0.9529 	9439
0.9549 	22419
0.9569 	7143
0.9589 	1155
0.9609 	611
0.9629 	557
0.9649 	505
0.9669 	562
0.9689 	861
0.9709 	793
0.9729 	676
0.9749 	735
0.9769 	933
0.9789 	1028
0.9809 	588
0.9829 	147
0.9849 	11
0.9869 	70
0.9889 	253
0.9909 	6983
0.9929 	8937
0.9949 	1009
0.9969 	159
0.9989 	90
1.0009 	139
1.0029 	318
1.0049 	188
1.0069 	100
1.0089 	72
1.0109 	67
1.0129 	116
1.0149 	56
1.0169 	35
1.0189 	88
1.0209 	112
1.0229 	119
1.0249 	111
1.0269 	133
1.0289 	239
1.0309 	1374
1.0329 	14563
1.0349 	16928
1.0369 	7717
1.0389 	4566
1.0409 	3612
1.0429 	3373
1.0449 	3302
1.0469 	3988
1.0489 	5444
1.0509 	6894
1.0529 	7659
1.0549 	6835
1.0569 	5404
1.0589 	5157
1.0609 	7877
1.0629 	10762
1.0649 	12737
1.0669 	12941
1.0689 	12187
1.0709 	10789
1.0729 	9693
1.0749 	9910
1.0769 	13413
1.0789 	18453
1.0809 	17592
1.0829 	15066
1.0849 	14423
1.0869 	13974
1.0889 	13862
1.0909 	13869
1.0929 	17748
1.0949 	25648
1.0969 	14906
1.0989 	11148
1.1009 	9341
1.1029 	7838
1.1049 	5830
1.1069 	5443
1.1089 	9963
1.1109 	11360
1.1129 	9877
1.1149 	7823
1.1169 	5318
1.1189 	2889
1.1209 	4023
1.1229 	16491
1.1249 	11563
1.1269 	6227
1.1289 	4002
1.1309 	2768
1.1329 	1403
1.1349 	630
1.1369 	366
1.1389 	183
1.1409 	88
1.1429 	75
1.1449 	160
1.1469 	292
1.1489 	534
1.1509 	1023
1.1529 	693
1.1549 	402
1.1569 	323
1.1589 	366
1.1609 	313
1.1629 	219
1.1649 	124
1.1669 	64
1.1689 	48
1.1709 	53
1.1729 	71
1.1749 	101
1.1769 	99
1.1789 	71
1.1809 	57
1.1829 	84
1.1849 	74
1.1869 	94
1.1889 	108
1.1909 	126
1.1929 	149
1.1949 	205
1.1969 	275
1.1989 	424
1.2009 	665
1.2029 	934
1.2049 	1149
1.2069 	1321
1.2089 	1521
1.2109 	1916
1.2129 	2517
1.2149 	3241
1.2169 	4304
1.2189 	4490
1.2209 	3367
1.2229 	2430
1.2249 	2190
1.2269 	2382
1.2289 	2512
1.2309 	2780
1.2329 	3474
1.2349 	6169
1.2369 	12063
1.2389 	14362
1.2409 	12962
1.2429 	11105
1.2449 	9023
1.2469 	6452
1.2489 	4251
1.2509 	2668
1.2529 	1353
1.2549 	749
1.2569 	584
1.2589 	1091
1.2609 	4892
1.2629 	7877
1.2649 	5933
1.2669 	3463
1.2689 	1953
1.2709 	2733
1.2729 	10245
1.2749 	10107
1.2769 	6866
1.2789 	3724
1.2809 	1521
1.2829 	1437
1.2849 	2923
1.2869 	3418
1.2889 	2471
1.2909 	1243
1.2929 	2432
1.2949 	30613
1.2969 	19276
1.2989 	12666
1.3009 	10984
1.3029 	10057
1.3049 	5722
1.3069 	2132
1.3089 	684
1.3109 	407
1.3129 	289
1.3149 	175
1.3169 	155
1.3189 	108
1.3209 	85
1.3229 	61
1.3249 	48
1.3269 	37
1.3289 	23
1.3309 	32
1.3329 	48
1.3349 	65
1.3369 	98
1.3389 	129
1.3409 	121
1.3429 	140
1.3449 	218
1.3469 	351
1.3489 	437
1.3509 	391
1.3529 	298
1.3549 	237
1.3569 	272
1.3589 	340
1.3609 	405
1.3629 	414
1.3649 	345
1.3669 	385
1.3689 	444
1.3709 	425
1.3729 	419
1.3749 	310
1.3769 	260
1.3789 	233
1.3809 	260
1.3829 	208
1.3849 	193
1.3869 	202
1.3889 	178
1.3909 	262
1.3929 	266
1.3949 	174
1.3969 	121
1.3989 	82
1.4009 	81
1.4029 	117
1.4049 	130
1.4069 	148
1.4089 	182
1.4109 	267
1.4129 	523
1.4149 	593
1.4169 	505
1.4189 	373
1.4209 	2494
1.4229 	12473
1.4249 	10675
1.4269 	6752
1.4289 	3505
1.4309 	1781
1.4329 	1350
1.4349 	991
1.4369 	413
1.4389 	240
1.4409 	619
1.4429 	2066
1.4449 	2114
1.4469 	1070
1.4489 	313
1.4509 	179
1.4529 	104
1.4549 	84
1.4569 	64
1.4589 	56
1.4609 	64
1.4629 	93
1.4649 	87
1.4669 	100
1.4689 	112
1.4709 	129
1.4729 	155
1.4749 	201
1.4769 	178
1.4789 	155
1.4809 	170
1.4829 	156
1.4849 	144
1.4869 	136
1.4889 	98
1.4909 	85
1.4929 	97
1.4949 	90
1.4969 	67
1.4989 	81
1.5009 	88
1.5029 	76
1.5049 	67
1.5069 	82
1.5089 	161
1.5109 	240
1.5129 	219
1.5149 	161
1.5169 	56
1.5189 	48
1.5209 	66
1.5229 	35
1.5249 	48
1.5269 	71
1.5289 	98
1.5309 	106
1.5329 	121
1.5349 	154
1.5369 	222
1.5389 	214
1.5409 	172
1.5429 	165
1.5449 	186
1.5469 	199
1.5489 	195
1.5509 	157
1.5529 	258
1.5549 	641
1.5569 	679
1.5589 	365
1.5609 	137
1.5629 	108
1.5649 	88
1.5669 	85
1.5689 	76
1.5709 	135
1.5729 	310
1.5749 	382
1.5769 	311
1.5789 	162
1.5809 	104
1.5829 	117
1.5849 	104
1.5869 	104
1.5889 	103
1.5909 	99
1.5929 	102
1.5949 	92
1.5969 	120
1.5989 	132
1.6009 	160
1.6029 	181
1.6049 	177
1.6069 	196
1.6089 	174
1.6109 	163
1.6129 	149
1.6149 	146
1.6169 	144
1.6189 	131
1.6209 	172
1.6229 	719
1.6249 	1985
1.6269 	1601
1.6289 	644
1.6309 	218
1.6329 	125
1.6349 	158
1.6369 	263
1.6389 	418
1.6409 	405
1.6429 	167
1.6449 	96
1.6469 	68
1.6489 	60
1.6509 	71
1.6529 	74
1.6549 	86
1.6569 	118
1.6589 	145
1.6609 	143
1.6629 	119
1.6649 	148
1.6669 	178
1.6689 	219
1.6709 	230
1.6729 	285
1.6749 	307
1.6769 	280
1.6789 	219
1.6809 	145
1.6829 	126
1.6849 	127
1.6869 	102
1.6889 	97
1.6909 	105
1.6929 	117
1.6949 	117
1.6969 	137
1.6989 	218
1.7009 	362
1.7029 	503
1.7049 	398
1.7069 	141
1.7089 	93
1.7109 	75
1.7129 	56
1.7149 	71
1.7169 	67
1.7189 	69
1.7209 	73
1.7229 	100
1.7249 	117
1.7269 	136
1.7289 	140
1.7309 	172
1.7329 	234
1.7349 	294
1.7369 	320
1.7389 	361
1.7409 	290
1.7429 	258
1.7449 	234
1.7469 	172
1.7489 	159
1.7509 	144
1.7529 	144
1.7549 	152
1.7569 	138
1.7589 	162
1.7609 	215
1.7629 	346
1.7649 	524
1.7669 	652
1.7689 	493
1.7709 	215
1.7729 	97
1.7749 	71
1.7769 	58
1.7789 	54
1.7809 	59
1.7829 	97
1.7849 	97
1.7869 	100
1.7889 	104
1.7909 	109
1.7929 	123
1.7949 	131
1.7969 	155
1.7989 	194
1.8009 	242
1.8029 	267
1.8049 	317
1.8069 	321
1.8089 	300
1.8109 	289
1.8129 	249
1.8149 	214
1.8169 	190
1.8189 	186
1.8209 	213
1.8229 	270
1.8249 	354
1.8269 	508
1.8289 	671
1.8309 	650
1.8329 	445
1.8349 	222
1.8369 	133
1.8389 	100
1.8409 	96
1.8429 	86
1.8449 	83
1.8469 	74
1.8489 	52
1.8509 	85
1.8529 	99
1.8549 	96
1.8569 	112
1.8589 	132
1.8609 	140
1.8629 	184
1.8649 	221
1.8669 	270
1.8689 	329
1.8709 	373
1.8729 	419
1.8749 	362
1.8769 	374
1.8789 	401
1.8809 	387
1.8829 	412
1.8849 	450
1.8869 	525
1.8889 	574
1.8909 	643
1.8929 	711
1.8949 	629
1.8969 	502
1.8989 	337
1.9009 	221
1.9029 	155
1.9049 	124
1.9069 	100
1.9089 	92
1.9109 	84
1.9129 	71
1.9149 	90
1.9169 	99
1.9189 	129
1.9209 	120
1.9229 	140
1.9249 	157
1.9269 	151
1.9289 	171
1.9309 	223
1.9329 	278
1.9349 	327
1.9369 	369
1.9389 	385
1.9409 	433
1.9429 	430
1.9449 	443
1.9469 	431
1.9489 	454
1.9509 	433
1.9529 	470
1.9549 	526
1.9569 	546
1.9589 	568
1.9609 	532
1.9629 	465
1.9649 	364
1.9669 	276
1.9689 	233
1.9709 	196
1.9729 	187
1.9749 	166
1.9769 	166
1.9789 	173
1.9809 	169
1.9829 	186
1.9849 	211
1.9869 	214
1.9889 	244
1.9909 	260
1.9929 	298
1.9949 	323
1.9969 	350
1.9989 	394
2.0009 	383
2.0029 	356
2.0049 	328
2.0069 	322
2.0089 	291
2.0109 	272
2.0129 	284
2.0149 	276
2.0169 	262
2.0189 	290
2.0209 	323
2.0229 	373
2.0249 	399
2.0269 	404
2.0289 	424
2.0309 	448
2.0329 	408
2.0349 	406
2.0369 	374
2.0389 	355
2.0409 	359
2.0429 	333
2.0449 	353
2.0469 	329
2.0489 	348
2.0509 	334
2.0529 	350
2.0549 	333
2.0569 	343
2.0589 	324
2.0609 	339
2.0629 	315
2.0649 	318
2.0669 	318
2.0689 	323
2.0709 	302
2.0729 	287
2.0749 	278
2.0769 	288
2.0789 	250
2.0809 	301
2.0829 	271
2.0849 	300
2.0869 	309
2.0889 	294
2.0909 	309
2.0929 	351
2.0949 	363
2.0969 	372
2.0989 	366
2.1009 	355
2.1029 	352
2.1049 	345
2.1069 	337
2.1089 	328
2.1109 	304
2.1129 	307
2.1149 	304
2.1169 	300
2.1189 	297
2.1209 	306
2.1229 	304
2.1249 	327
2.1269 	348
2.1289 	361
2.1309 	378
2.1329 	382
2.1349 	407
2.1369 	406
2.1389 	378
2.1409 	376
2.1429 	362
2.1449 	329
2.1469 	280
2.1489 	245
2.1509 	199
2.1529 	140
2.1549 	115
2.1569 	69
2.1589 	62
2.1609 	48
2.1629 	55
2.1649 	47
2.1669 	23
2.1689 	25
2.1709 	21
2.1729 	21
2.1749 	15
2.1769 	15
2.1789 	16
2.1809 	20
2.1829 	22
2.1849 	13
2.1869 	16
2.1889 	13
2.1909 	11
2.1929 	21
2.1949 	14
2.1969 	25
2.1989 	24
2.2009 	25
2.2029 	17
2.2049 	20
2.2069 	15
2.2089 	15
2.2109 	12
2.2129 	14
2.2149 	14
2.2169 	13
2.2189 	16
2.2209 	11
2.2229 	9
2.2249 	12
2.2269 	9
2.2289 	13
2.2309 	12
2.2329 	14
2.2349 	17
2.2369 	15
2.2389 	5
2.2409 	12
2.2429 	6
2.2449 	7
2.2469 	10
2.2489 	8
2.2509 	7
2.2529 	3
2.2549 	3
2.2569 	11
2.2589 	12
2.2609 	12
2.2629 	10
2.2649 	7
2.2669 	14
2.2689 	8
2.2709 	7
2.2729 	8
2.2749 	16
2.2769 	11
2.2789 	3
2.2809 	7
2.2829 	6
2.2849 	8
2.2869 	4
2.2889 	11
2.2909 	16
2.2929 	8
2.2949 	10
2.2969 	6
2.2989 	6
2.3009 	12
2.3029 	5
2.3049 	7
2.3069 	5
2.3089 	2
2.3109 	3
2.3129 	4
2.3149 	3
2.3169 	1
2.3189 	5
2.3209 	7
2.3229 	12
2.3249 	11
2.3269 	5
2.3289 	5
2.3309 	9
2.3329 	5
2.3349 	10
2.3369 	18
2.3389 	19
2.3409 	17
2.3429 	5
2.3449 	4
2.3469 	11
2.3489 	10
2.3509 	5
2.3529 	3
2.3549 	1
2.3569 	5
2.3589 	4
2.3609 	4
2.3629 	10
2.3649 	8
2.3669 	4
2.3689 	0
2.3709 	0
2.3729 	3
2.3749 	3
2.3769 	4
2.3789 	7
2.3809 	5
2.3829 	6
2.3849 	5
2.3869 	6
2.3889 	7
2.3909 	4
2.3929 	10
2.3949 	6
2.3969 	15
2.3989 	10
2.4009 	2
2.4029 	5
2.4049 	5
2.4069 	4
2.4089 	3
2.4109 	7
2.4129 	3
2.4149 	4
2.4169 	4
2.4189 	0
2.4209 	3
2.4229 	5
2.4249 	3
2.4269 	6
2.4289 	7
2.4309 	12
2.4329 	14
2.4349 	10
2.4369 	7
2.4389 	10
2.4409 	8
2.4429 	8
2.4449 	5
2.4469 	6
2.4489 	9
2.4509 	3
2.4529 	4
2.4549 	5
2.4569 	6
2.4589 	8
2.4609 	10
2.4629 	14
2.4649 	12
2.4669 	16
2.4689 	9
2.4709 	6
2.4729 	7
2.4749 	9
2.4769 	3
2.4789 	3
2.4809 	6
2.4829 	7
2.4849 	10
2.4869 	4
2.4889 	1
2.4909 	6
2.4929 	2
2.4949 	8
2.4969 	7
2.4989 	9
2.5009 	10
2.5029 	10
2.5049 	6
2.5069 	3
2.5089 	5
2.5109 	12
2.5129 	10
2.5149 	10
2.5169 	6
2.5189 	9
2.5209 	9
2.5229 	2
2.5249 	3
2.5269 	5
2.5289 	6
2.5309 	9
2.5329 	12
2.5349 	16
2.5369 	14
2.5389 	10
2.5409 	16
2.5429 	18
2.5449 	4
2.5469 	9
2.5489 	4
2.5509 	5
2.5529 	3
2.5549 	8
2.5569 	8
2.5589 	3
2.5609 	3
2.5629 	1
2.5649 	3
2.5669 	4
2.5689 	2
2.5709 	2
2.5729 	1
2.5749 	4
2.5769 	9
2.5789 	6
2.5809 	6
2.5829 	1
2.5849 	0
2.5869 	1
2.5889 	3
2.5909 	5
2.5929 	1
2.5949 	7
2.5969 	4
2.5989 	5
2.6009 	8
2.6029 	4
2.6049 	11
2.6069 	14
2.6089 	26
2.6109 	44
2.6129 	62
2.6149 	62
2.6169 	30
2.6189 	7
2.6209 	7
2.6229 	5
2.6249 	11
2.6269 	3
2.6289 	10
2.6309 	4
2.6329 	2
2.6349 	1
2.6369 	5
2.6389 	0
2.6409 	0
2.6429 	1
2.6449 	3
2.6469 	8
2.6489 	4
2.6509 	5
2.6529 	10
2.6549 	3
2.6569 	2
2.6589 	2
2.6609 	10
2.6629 	3
2.6649 	6
2.6669 	12
2.6689 	6
2.6709 	7
2.6729 	3
2.6749 	6
2.6769 	5
2.6789 	14
2.6809 	11
2.6829 	14
2.6849 	8
2.6869 	9
2.6889 	13
2.6909 	5
2.6929 	1
2.6949 	1
2.6969 	7
2.6989 	4
2.7009 	4
2.7029 	6
2.7049 	2
2.7069 	2
2.7089 	1
2.7109 	3
2.7129 	2
2.7149 	3
2.7169 	6
2.7189 	3
2.7209 	6
2.7229 	7
2.7249 	10
2.7269 	7
2.7289 	4
2.7309 	4
2.7329 	2
2.7349 	2
2.7369 	0
2.7389 	3
2.7409 	3
2.7429 	4
2.7449 	2
2.7469 	1
2.7489 	1
2.7509 	1
2.7529 	3
2.7549 	4
2.7569 	4
2.7589 	3
2.7609 	2
2.7629 	9
2.7649 	5
2.7669 	3
2.7689 	6
2.7709 	2
2.7729 	2
2.7749 	1
2.7769 	4
2.7789 	3
2.7809 	5
2.7829 	7
2.7849 	3
2.7869 	2
2.7889 	1
2.7909 	3
2.7929 	1
2.7949 	1
2.7969 	1
2.7989 	7
2.8009 	14
2.8029 	8
2.8049 	6
2.8069 	4
2.8089 	11
2.8109 	9
2.8129 	5
2.8149 	2
2.8169 	0
2.8189 	2
2.8209 	1
2.8229 	4
2.8249 	1
2.8269 	2
2.8289 	5
2.8309 	5
2.8329 	1
2.8349 	3
2.8369 	3
2.8389 	2
2.8409 	4
2.8429 	4
2.8449 	0
2.8469 	3
2.8489 	3
2.8509 	6
2.8529 	3
2.8549 	4
2.8569 	4
2.8589 	5
2.8609 	1
2.8629 	0
2.8649 	1
2.8669 	2
2.8689 	4
2.8709 	2
2.8729 	3
2.8749 	2
2.8769 	1
2.8789 	3
2.8809 	6
2.8829 	6
2.8849 	8
2.8869 	2
2.8889 	5
2.8909 	9
2.8929 	4
2.8949 	7
2.8969 	1
2.8989 	2
2.9009 	0
2.9029 	1
2.9049 	0
2.9069 	0
2.9089 	0
2.9109 	3
2.9129 	1
2.9149 	2
2.9169 	3
2.9189 	5
2.9209 	1
2.9229 	0
2.9249 	3
2.9269 	2
2.9289 	2
2.9309 	6
2.9329 	2
2.9349 	2
2.9369 	1
2.9389 	2
2.9409 	0
2.9429 	1
2.9449 	1
2.9469 	0
2.9489 	3
2.9509 	2
2.9529 	5
2.9549 	0
2.9569 	3
2.9589 	5
2.9609 	2
2.9629 	1
2.9649 	2
2.9669 	5
2.9689 	3
2.9709 	2
2.9729 	2
2.9749 	2
2.9769 	5
2.9789 	5
2.9809 	3
2.9829 	5
2.9849 	2
2.9869 	0
2.9889 	1
2.9909 	3
2.9929 	2
2.9949 	3
2.9969 	1
2.9989 	5
3.0009 	4
3.0029 	4
3.0049 	3
3.0069 	6
3.0089 	4
3.0109 	1
3.0129 	1
3.0149 	3
3.0169 	1
3.0189 	3
3.0209 	6
3.0229 	3
3.0249 	6
3.0269 	3
3.0289 	3
3.0309 	4
3.0329 	1
3.0349 	3
3.0369 	3
3.0389 	3
3.0409 	0
3.0429 	2
3.0449 	1
3.0469 	2
3.0489 	2
3.0509 	0
3.0529 	2
3.0549 	1
3.0569 	1
3.0589 	0
3.0609 	0
3.0629 	3
3.0649 	0
3.0669 	2
3.0689 	0
3.0709 	4
3.0729 	2
3.0749 	2
3.0769 	2
3.0789 	0
3.0809 	3
3.0829 	0
3.0849 	1
3.0869 	0
3.0889 	3
3.0909 	1
3.0929 	0
3.0949 	1
3.0969 	3
3.0989 	2
3.1009 	0
3.1029 	3
3.1049 	1
3.1069 	0
3.1089 	0
3.1109 	0
3.1129 	3
3.1149 	2
3.1169 	1
3.1189 	0
3.1209 	0
3.1229 	0
3.1249 	2
3.1269 	3
3.1289 	1
3.1309 	3
3.1329 	2
3.1349 	1
3.1369 	3
3.1389 	1
3.1409 	1
3.1429 	4
3.1449 	4
3.1469 	5
3.1489 	0
3.1509 	1
3.1529 	0
3.1549 	0
3.1569 	4
3.1589 	1
3.1609 	0
3.1629 	8
3.1649 	2
3.1669 	5
3.1689 	4
3.1709 	6
3.1729 	3
3.1749 	2
3.1769 	5
3.1789 	3
3.1809 	4
3.1829 	2
3.1849 	0
3.1869 	0
3.1889 	0
3.1909 	0
3.1929 	4
3.1949 	5
3.1969 	1
3.1989 	0
3.2009 	1
3.2029 	4
3.2049 	3
3.2069 	1
3.2089 	0
3.2109 	1
3.2129 	1
3.2149 	0
3.2169 	0
3.2189 	2
3.2209 	0
3.2229 	2
3.2249 	0
3.2269 	4
3.2289 	0
3.2309 	1
3.2329 	3
3.2349 	4
3.2369 	3
3.2389 	0
3.2409 	1
3.2429 	0
3.2449 	2
3.2469 	2
3.2489 	0
3.2509 	1
3.2529 	5
3.2549 	3
3.2569 	1
3.2589 	2
3.2609 	2
3.2629 	3
3.2649 	1
3.2669 	1
3.2689 	0
3.2709 	1
3.2729 	1
3.2749 	1
3.2769 	4
3.2789 	3
3.2809 	5
3.2829 	5
3.2849 	2
3.2869 	0
3.2889 	1
3.2909 	1
3.2929 	2
3.2949 	0
3.2969 	0
3.2989 	1
3.3009 	0
3.3029 	0
3.3049 	1
3.3069 	3
3.3089 	3
3.3109 	4
3.3129 	5
3.3149 	4
3.3169 	5
3.3189 	1
3.3209 	0
3.3229 	4
3.3249 	0
3.3269 	0
3.3289 	1
3.3309 	1
3.3329 	2
3.3349 	1
3.3369 	2
3.3389 	4
3.3409 	2
3.3429 	4
3.3449 	4
3.3469 	3
3.3489 	0
3.3509 	1
3.3529 	2
3.3549 	1
3.3569 	3
3.3589 	5
3.3609 	0
3.3629 	1
3.3649 	7
3.3669 	5
3.3689 	1
3.3709 	3
3.3729 	1
3.3749 	0
3.3769 	0
3.3789 	2
3.3809 	3
3.3829 	0
3.3849 	0
3.3869 	4
3.3889 	5
3.3909 	2
3.3929 	4
3.3949 	1
3.3969 	0
3.3989 	1
3.4009 	3
3.4029 	2
3.4049 	3
3.4069 	1
3.4089 	1
3.4109 	2
3.4129 	0
3.4149 	1
3.4169 	0
3.4189 	1
3.4209 	0
3.4229 	1
3.4249 	0
3.4269 	0
3.4289 	0
3.4309 	3
3.4329 	1
3.4349 	1
3.4369 	1
3.4389 	2
3.4409 	0
3.4429 	1
3.4449 	0
3.4469 	0
3.4489 	0
3.4509 	2
3.4529 	2
3.4549 	0
3.4569 	0
3.4589 	0
3.4609 	0
3.4629 	0
3.4649 	0
3.4669 	1
3.4689 	0
3.4709 	3
3.4729 	2
3.4749 	0
3.4769 	1
3.4789 	1
3.4809 	1
3.4829 	3
3.4849 	0
3.4869 	1
3.4889 	0
3.4909 	0
3.4929 	2
3.4949 	4
3.4969 	1
3.4989 	4
3.5009 	1
3.5029 	0
3.5049 	1
3.5069 	0
3.5089 	0
3.5109 	0
3.5129 	2
3.5149 	4
3.5169 	1
3.5189 	0
3.5209 	1
3.5229 	0
3.5249 	0
3.5269 	0
3.5289 	2
3.5309 	2
3.5329 	2
3.5349 	2
3.5369 	1
3.5389 	0
3.5409 	0
3.5429 	1
3.5449 	0
3.5469 	0
3.5489 	1
3.5509 	0
3.5529 	0
3.5549 	3
3.5569 	5
3.5589 	1
3.5609 	0
3.5629 	1
3.5649 	0
3.5669 	0
3.5689 	0
3.5709 	1
3.5729 	0
3.5749 	1
3.5769 	0
3.5789 	1
3.5809 	0
3.5829 	2
3.5849 	4
3.5869 	4
3.5889 	5
3.5909 	1
3.5929 	1
3.5949 	0
3.5969 	0
3.5989 	0
3.6009 	0
3.6029 	1
3.6049 	0
3.6069 	2
3.6089 	2
3.6109 	1
3.6129 	5
3.6149 	1
3.6169 	0
3.6189 	0
3.6209 	0
3.6229 	0
3.6249 	3
3.6269 	1
3.6289 	0
3.6309 	0
3.6329 	0
3.6349 	0
3.6369 	0
3.6389 	0
3.6409 	0
3.6429 	0
3.6449 	0
3.6469 	0
3.6489 	1
3.6509 	1
3.6529 	0
3.6549 	1
3.6569 	2
3.6589 	2
3.6609 	2
3.6629 	0
3.6649 	0
3.6669 	0
3.6689 	0
3.6709 	1
3.6729 	6
3.6749 	1
3.6769 	2
3.6789 	2
3.6809 	3
3.6829 	4
3.6849 	4
3.6869 	7
3.6889 	3
3.6909 	1
3.6929 	0
3.6949 	3
3.6969 	1
3.6989 	1
3.7009 	1
3.7029 	0
3.7049 	0
3.7069 	0
3.7089 	2
3.7109 	3
3.7129 	0
3.7149 	2
3.7169 	1
3.7189 	0
3.7209 	0
3.7229 	0
3.7249 	1
3.7269 	3
3.7289 	1
3.7309 	3
3.7329 	1
3.7349 	0
3.7369 	0
3.7389 	0
3.7409 	0
3.7429 	6
3.7449 	3
3.7469 	0
3.7489 	0
3.7509 	0
3.7529 	0
3.7549 	0
3.7569 	2
3.7589 	1
3.7609 	1
3.7629 	0
3.7649 	0
3.7669 	1
3.7689 	0
3.7709 	0
3.7729 	0
3.7749 	0
3.7769 	0
3.7789 	1
3.7809 	0
3.7829 	1
3.7849 	1
3.7869 	0
3.7889 	0
3.7909 	0
3.7929 	0
3.7949 	0
3.7969 	0
3.7989 	0
3.8009 	3
3.8029 	3
3.8049 	1
3.8069 	1
3.8089 	0
3.8109 	0
3.8129 	1
3.8149 	0
3.8169 	0
3.8189 	3
3.8209 	1
3.8229 	0
3.8249 	1
3.8269 	0
3.8289 	1
3.8309 	2
3.8329 	2
3.8349 	1
3.8369 	1
3.8389 	1
3.8409 	0
3.8429 	0
3.8449 	0
3.8469 	0
3.8489 	0
3.8509 	0
3.8529 	4
3.8549 	0
3.8569 	5
3.8589 	4
3.8609 	0
3.8629 	0
3.8649 	0
3.8669 	0
3.8689 	1
3.8709 	3
3.8729 	2
3.8749 	1
3.8769 	1
3.8789 	0
3.8809 	1
3.8829 	0
3.8849 	0
3.8869 	0
3.8889 	2
3.8909 	0
3.8929 	2
3.8949 	0
3.8969 	0
3.8989 	0
3.9009 	0
3.9029 	2
3.9049 	3
3.9069 	1
3.9089 	0
3.9109 	1
3.9129 	0
3.9149 	0
3.9169 	0
3.9189 	0
3.9209 	1
3.9229 	3
3.9249 	0
3.9269 	0
3.9289 	0
3.9309 	0
3.9329 	1
3.9349 	1
3.9369 	0
3.9389 	3
3.9409 	4
3.9429 	0
3.9449 	1
3.9469 	0
3.9489 	2
3.9509 	1
3.9529 	0
3.9549 	6
3.9569 	4
3.9589 	2
3.9609 	0
3.9629 	2
3.9649 	3
3.9669 	3
3.9689 	3
3.9709 	1
3.9729 	2
3.9749 	0
3.9769 	1
3.9789 	0
3.9809 	0
3.9829 	0
3.9849 	0
3.9869 	0
3.9889 	0
3.9909 	0
3.9929 	0
3.9949 	0
3.9969 	2
3.9989 	1
4.0009 	1
4.0029 	0
4.0049 	0
4.0069 	3
4.0089 	1
4.0109 	1
4.0129 	3
4.0149 	3
4.0169 	3
4.0189 	0
4.0209 	6
4.0229 	6
4.0249 	5
4.0269 	2
4.0289 	0
4.0309 	0
4.0329 	0
4.0349 	0
4.0369 	0
4.0389 	0
4.0409 	0
4.0429 	0
4.0449 	0
4.0469 	0
4.0489 	0
4.0509 	1
4.0529 	0
4.0549 	1
4.0569 	2
4.0589 	5
4.0609 	1
4.0629 	3
4.0649 	1
4.0669 	1
4.0689 	2
4.0709 	0
4.0729 	0
4.0749 	1
4.0769 	3
4.0789 	1
4.0809 	0
4.0829 	0
4.0849 	0
4.0869 	0
4.0889 	0
4.0909 	0
4.0929 	0
4.0949 	0
4.0969 	0
4.0989 	1
4.1009 	3
4.1029 	0
4.1049 	0
4.1069 	0
4.1089 	2
4.1109 	2
4.1129 	1
4.1149 	0
4.1169 	0
4.1189 	0
4.1209 	0
4.1229 	0
4.1249 	0
4.1269 	2
4.1289 	1
4.1309 	2
4.1329 	3
4.1349 	0
4.1369 	3
4.1389 	2
4.1409 	3
4.1429 	0
4.1449 	1
4.1469 	0
4.1489 	0
4.1509 	0
4.1529 	0
4.1549 	2
4.1569 	1
4.1589 	0
4.1609 	2
4.1629 	3
4.1649 	1
4.1669 	4
4.1689 	3
4.1709 	0
4.1729 	0
4.1749 	0
4.1769 	0
4.1789 	0
4.1809 	0
4.1829 	0
4.1849 	0
4.1869 	0
4.1889 	0
4.1909 	0
4.1929 	0
4.1949 	0
4.1969 	0
4.1989 	1
4.2009 	3
4.2029 	0
4.2049 	0
4.2069 	0
4.2089 	0
4.2109 	1
4.2129 	0
4.2149 	1
4.2169 	2
4.2189 	1
4.2209 	0
4.2229 	3
4.2249 	0
4.2269 	1
4.2289 	1
4.2309 	1
4.2329 	0
4.2349 	2
4.2369 	1
4.2389 	0
4.2409 	0
4.2429 	0
4.2449 	2
4.2469 	0
4.2489 	0
4.2509 	1
4.2529 	0
4.2549 	1
4.2569 	0
4.2589 	0
4.2609 	0
4.2629 	0
4.2649 	0
4.2669 	0
4.2689 	0
4.2709 	0
4.2729 	1
4.2749 	3
4.2769 	4
4.2789 	0
4.2809 	0
4.2829 	0
4.2849 	3
4.2869 	1
4.2889 	1
4.2909 	2
4.2929 	1
4.2949 	0
4.2969 	0
4.2989 	0
4.3009 	1
4.3029 	2
4.3049 	1
4.3069 	3
4.3089 	0
4.3109 	0
4.3129 	0
4.3149 	3
4.3169 	1
4.3189 	0
4.3209 	2
4.3229 	1
4.3249 	1
4.3269 	0
4.3289 	0
4.3309 	1
4.3329 	1
4.3349 	0
4.3369 	0
4.3389 	0
4.3409 	0
4.3429 	0
4.3449 	0
4.3469 	1
4.3489 	0
4.3509 	0
4.3529 	1
4.3549 	0
4.3569 	0
4.3589 	1
4.3609 	1
4.3629 	0
4.3649 	2
4.3669 	1
4.3689 	0
4.3709 	0
4.3729 	2
4.3749 	0
4.3769 	0
4.3789 	0
4.3809 	0
4.3829 	2
4.3849 	2
4.3869 	0
4.3889 	0
4.3909 	0
4.3929 	0
4.3949 	0
4.3969 	0
4.3989 	0
4.4009 	0
4.4029 	0
4.4049 	0
4.4069 	0
4.4089 	0
4.4109 	0
4.4129 	2
4.4149 	1
4.4169 	1
4.4189 	0
4.4209 	0
4.4229 	1
4.4249 	0
4.4269 	1
4.4289 	0
4.4309 	0
4.4329 	2
4.4349 	0
4.4369 	0
4.4389 	1
4.4409 	0
4.4429 	2
4.4449 	1
4.4469 	0
4.4489 	0
4.4509 	0
4.4529 	0
4.4549 	0
4.4569 	0
4.4589 	0
4.4609 	0
4.4629 	3
4.4649 	0
4.4669 	0
4.4689 	0
4.4709 	0
4.4729 	0
4.4749 	0
4.4769 	2
4.4789 	2
4.4809 	0
4.4829 	0
4.4849 	0
4.4869 	0
4.4889 	0
4.4909 	0
4.4929 	0
4.4949 	0
4.4969 	0
4.4989 	0
4.5009 	0
4.5029 	0
4.5049 	0
4.5069 	4
4.5089 	3
4.5109 	4
4.5129 	3
4.5149 	3
4.5169 	4
4.5189 	0
4.5209 	0
4.5229 	0
4.5249 	2
4.5269 	3
4.5289 	2
4.5309 	6
4.5329 	2
4.5349 	1
4.5369 	2
4.5389 	1
4.5409 	1
4.5429 	2
4.5449 	0
4.5469 	0
4.5489 	0
4.5509 	2
4.5529 	2
4.5549 	2
4.5569 	0
4.5589 	0
4.5609 	0
4.5629 	0
4.5649 	0
4.5669 	0
4.5689 	0
4.5709 	0
4.5729 	0
4.5749 	0
4.5769 	0
4.5789 	0
4.5809 	2
4.5829 	1
4.5849 	0
4.5869 	2
4.5889 	0
4.5909 	0
4.5929 	0
4.5949 	0
4.5969 	0
4.5989 	0
4.6009 	0
4.6029 	1
4.6049 	3
4.6069 	0
4.6089 	0
4.6109 	0
4.6129 	0
4.6149 	0
4.6169 	0
4.6189 	0
4.6209 	5
4.6229 	2
4.6249 	2
4.6269 	0
4.6289 	0
4.6309 	0
4.6329 	1
4.6349 	1
4.6369 	2
4.6389 	0
4.6409 	0
4.6429 	0
4.6449 	0
4.6469 	0
4.6489 	0
4.6509 	1
4.6529 	0
4.6549 	0
4.6569 	0
4.6589 	0
4.6609 	3
4.6629 	1
4.6649 	1
4.6669 	0
4.6689 	0
4.6709 	0
4.6729 	0
4.6749 	0
4.6769 	0
4.6789 	0
4.6809 	0
4.6829 	0
4.6849 	0
4.6869 	1
4.6889 	0
4.6909 	2
4.6929 	0
4.6949 	0
4.6969 	2
4.6989 	1
4.7009 	1
4.7029 	0
4.7049 	0
4.7069 	0
4.7089 	0
4.7109 	0
4.7129 	0
4.7149 	0
4.7169 	0
4.7189 	0
4.7209 	0
4.7229 	0
4.7249 	0
4.7269 	2
4.7289 	3
4.7309 	0
4.7329 	0
4.7349 	1
4.7369 	2
4.7389 	1
4.7409 	0
4.7429 	0
4.7449 	0
4.7469 	0
4.7489 	0
4.7509 	0
4.7529 	0
4.7549 	0
4.7569 	0
4.7589 	0
4.7609 	0
4.7629 	2
4.7649 	1
4.7669 	0
4.7689 	1
4.7709 	0
4.7729 	0
4.7749 	0
4.7769 	2
4.7789 	1
4.7809 	0
4.7829 	0
4.7849 	1
4.7869 	0
4.7889 	0
4.7909 	0
4.7929 	0
4.7949 	0
4.7969 	0
4.7989 	0
4.8009 	0
4.8029 	0
4.8049 	0
4.8069 	0
4.8089 	0
4.8109 	0
4.8129 	3
4.8149 	2
4.8169 	0
4.8189 	0
4.8209 	1
4.8229 	0
4.8249 	2
4.8269 	2
4.8289 	0
4.8309 	2
4.8329 	4
4.8349 	2
4.8369 	0
4.8389 	0
4.8409 	1
4.8429 	1
4.8449 	0
4.8469 	0
4.8489 	0
4.8509 	1
4.8529 	0
4.8549 	2
4.8569 	2
4.8589 	0
4.8609 	1
4.8629 	0
4.8649 	0
4.8669 	1
4.8689 	0
4.8709 	0
4.8729 	0
4.8749 	0
4.8769 	0
4.8789 	0
4.8809 	0
4.8829 	0
4.8849 	0
4.8869 	1
4.8889 	0
4.8909 	0
4.8929 	0
4.8949 	0
4.8969 	0
4.8989 	0
4.9009 	0
4.9029 	0
4.9049 	4
4.9069 	1
4.9089 	0
4.9109 	0
4.9129 	1
4.9149 	0
4.9169 	0
4.9189 	0
4.9209 	0
4.9229 	0
4.9249 	0
4.9269 	0
4.9289 	0
4.9309 	0
4.9329 	0
4.9349 	0
4.9369 	0
4.9389 	2
4.9409 	0
4.9429 	0
4.9449 	0
4.9469 	0
4.9489 	0
4.9509 	0
4.9529 	0
4.9549 	2
4.9569 	0
4.9589 	2
4.9609 	0
4.9629 	0
4.9649 	0
4.9669 	0
4.9689 	0
4.9709 	0
4.9729 	0
4.9749 	0
4.9769 	1
4.9789 	1
4.9809 	3
4.9829 	2
4.9849 	0
4.9869 	0
4.9889 	0
4.9909 	0
4.9929 	0
4.9949 	0
4.9969 	1
4.9989 	0
5.0009 	0
5.0029 	2
5.0049 	0
5.0069 	0
5.0089 	0
5.0109 	2
5.0129 	1
5.0149 	1
5.0169 	0
5.0189 	3
5.0209 	0
5.0229 	0
5.0249 	1
5.0269 	2
5.0289 	2
5.0309 	0
5.0329 	1
5.0349 	0
5.0369 	0
5.0389 	1
5.0409 	1
5.0429 	0
5.0449 	0
5.0469 	0
5.0489 	0
5.0509 	4
5.0529 	0
5.0549 	4
5.0569 	0
5.0589 	2
5.0609 	1
5.0629 	2
5.0649 	0
5.0669 	0
5.0689 	0
5.0709 	2
5.0729 	3
5.0749 	1
5.0769 	0
5.0789 	0
5.0809 	0
5.0829 	0
5.0849 	1
5.0869 	0
5.0889 	0
5.0909 	0
5.0929 	1
5.0949 	3
5.0969 	0
5.0989 	0
5.1009 	0
5.1029 	0
5.1049 	0
5.1069 	1
5.1089 	0
5.1109 	1
5.1129 	1
5.1149 	0
5.1169 	0
5.1189 	0
5.1209 	0
5.1229 	0
5.1249 	0
5.1269 	0
5.1289 	0
5.1309 	0
5.1329 	0
5.1349 	1
5.1369 	0
5.1389 	0
5.1409 	0
5.1429 	0
5.1449 	0
5.1469 	0
5.1489 	1
5.1509 	1
5.1529 	0
5.1549 	0
5.1569 	0
5.1589 	0
5.1609 	0
5.1629 	1
5.1649 	2
5.1669 	0
5.1689 	1
5.1709 	0
5.1729 	0
5.1749 	0
5.1769 	0
5.1789 	0
5.1809 	0
5.1829 	0
5.1849 	0
5.1869 	0
5.1889 	1
5.1909 	1
5.1929 	0
5.1949 	0
5.1969 	0
5.1989 	0
5.2009 	0
5.2029 	0
5.2049 	0
5.2069 	0
5.2089 	1
5.2109 	0
5.2129 	2
5.2149 	0
5.2169 	0
5.2189 	0
5.2209 	0
5.2229 	0
5.2249 	0
5.2269 	0
5.2289 	0
5.2309 	0
5.2329 	0
5.2349 	0
5.2369 	0
5.2389 	0
5.2409 	0
5.2429 	0
5.2449 	0
5.2469 	0
5.2489 	2
5.2509 	0
5.2529 	0
5.2549 	3
5.2569 	1
5.2589 	1
5.2609 	0
5.2629 	0
5.2649 	0
5.2669 	1
5.2689 	1
5.2709 	0
5.2729 	1
5.2749 	3
5.2769 	2
5.2789 	0
5.2809 	0
5.2829 	0
5.2849 	1
5.2869 	5
5.2889 	3
5.2909 	2
5.2929 	2
5.2949 	0
5.2969 	0
5.2989 	0
5.3009 	0
5.3029 	1
5.3049 	0
5.3069 	1
5.3089 	1
5.3109 	0
5.3129 	2
5.3149 	1
5.3169 	0
5.3189 	0
5.3209 	2
5.3229 	0
5.3249 	1
5.3269 	2
5.3289 	3
5.3309 	0
5.3329 	0
5.3349 	0
5.3369 	0
5.3389 	3
5.3409 	1
5.3429 	2
5.3449 	0
5.3469 	1
5.3489 	0
5.3509 	2
5.3529 	1
5.3549 	2
5.3569 	2
5.3589 	1
5.3609 	1
5.3629 	0
5.3649 	0
5.3669 	0
5.3689 	0
5.3709 	0
5.3729 	0
5.3749 	0
5.3769 	0
5.3789 	0
5.3809 	0
5.3829 	0
5.3849 	0
5.3869 	0
5.3889 	0
5.3909 	0
5.3929 	1
5.3949 	0
5.3969 	0
5.3989 	0
5.4009 	0
5.4029 	0
5.4049 	0
5.4069 	2
5.4089 	0
5.4109 	0
5.4129 	2
5.4149 	0
5.4169 	0
5.4189 	2
5.4209 	2
5.4229 	0
5.4249 	0
5.4269 	0
5.4289 	1
5.4309 	0
5.4329 	0
5.4349 	0
5.4369 	1
5.4389 	3
5.4409 	2
5.4429 	0
5.4449 	0
5.4469 	0
5.4489 	0
5.4509 	0
5.4529 	0
5.4549 	0
5.4569 	0
5.4589 	0
5.4609 	0
5.4629 	0
5.4649 	2
5.4669 	2
5.4689 	2
5.4709 	2
5.4729 	0
5.4749 	3
5.4769 	2
5.4789 	1
5.4809 	0
5.4829 	1
5.4849 	0
5.4869 	0
5.4889 	0
5.4909 	1
5.4929 	0
5.4949 	0
5.4969 	0
5.4989 	0
5.5009 	0
5.5029 	0
5.5049 	3
5.5069 	1
5.5089 	0
5.5109 	4
5.5129 	0
5.5149 	1
5.5169 	1
5.5189 	0
5.5209 	0
5.5229 	0
5.5249 	0
5.5269 	0
5.5289 	0
5.5309 	0
5.5329 	0
5.5349 	0
5.5369 	0
5.5389 	0
5.5409 	0
5.5429 	0
5.5449 	0
5.5469 	0
5.5489 	1
5.5509 	3
5.5529 	3
5.5549 	0
5.5569 	0
5.5589 	1
5.5609 	2
5.5629 	1
5.5649 	0
5.5669 	0
5.5689 	0
5.5709 	0
5.5729 	0
5.5749 	0
5.5769 	0
5.5789 	0
5.5809 	0
5.5829 	0
5.5849 	0
5.5869 	1
5.5889 	2
5.5909 	2
5.5929 	0
5.5949 	0
5.5969 	0
5.5989 	0
5.6009 	0
5.6029 	0
5.6049 	0
5.6069 	0
5.6089 	0
5.6109 	0
5.6129 	0
5.6149 	0
5.6169 	0
5.6189 	0
5.6209 	0
5.6229 	0
5.6249 	0
5.6269 	0
5.6289 	0
5.6309 	0
5.6329 	0
5.6349 	0
5.6369 	0
5.6389 	0
5.6409 	1
5.6429 	1
5.6449 	0
5.6469 	0
5.6489 	0
5.6509 	0
5.6529 	0
5.6549 	0
5.6569 	0
5.6589 	0
5.6609 	0
5.6629 	0
5.6649 	0
5.6669 	1
5.6689 	0
5.6709 	1
5.6729 	0
5.6749 	0
5.6769 	0
5.6789 	0
5.6809 	0
5.6829 	0
5.6849 	0
5.6869 	0
5.6889 	0
5.6909 	0
5.6929 	0
5.6949 	0
5.6969 	0
5.6989 	0
5.7009 	0
5.7029 	0
5.7049 	0
5.7069 	0
5.7089 	0
5.7109 	0
5.7129 	0
5.7149 	0
5.7169 	0
5.7189 	0
5.7209 	1
5.7229 	0
5.7249 	0
5.7269 	0
5.7289 	0
5.7309 	0
5.7329 	0
5.7349 	0
5.7369 	0
5.7389 	0
5.7409 	0
5.7429 	0
5.7449 	0
5.7469 	0
5.7489 	0
5.7509 	0
5.7529 	0
5.7549 	0
5.7569 	0
5.7589 	0
5.7609 	0
5.7629 	0
5.7649 	0
5.7669 	0
5.7689 	0
5.7709 	0
5.7729 	0
5.7749 	0
5.7769 	0
5.7789 	0
5.7809 	0
5.7829 	0
5.7849 	0
5.7869 	1
5.7889 	0
5.7909 	2
5.7929 	2
5.7949 	2
5.7969 	0
5.7989 	0
5.8009 	0
5.8029 	0
5.8049 	0
5.8069 	0
5.8089 	0
5.8109 	0
5.8129 	0
5.8149 	0
5.8169 	0
5.8189 	0
5.8209 	0
5.8229 	0
5.8249 	0
5.8269 	3
5.8289 	1
5.8309 	0
5.8329 	0
5.8349 	0
5.8369 	0
5.8389 	0
5.8409 	0
5.8429 	0
5.8449 	0
5.8469 	0
5.8489 	0
5.8509 	0
5.8529 	0
5.8549 	0
5.8569 	0
5.8589 	0
5.8609 	0
5.8629 	0
5.8649 	0
5.8669 	0
5.8689 	0
5.8709 	0
5.8729 	1
5.8749 	3
5.8769 	1
5.8789 	0
5.8809 	0
5.8829 	1
5.8849 	1
5.8869 	1
5.8889 	4
5.8909 	0
5.8929 	0
5.8949 	1
5.8969 	0
5.8989 	0
5.9009 	1
5.9029 	0
5.9049 	0
5.9069 	0
5.9089 	0
5.9109 	0
5.9129 	0
5.9149 	0
5.9169 	0
5.9189 	0
5.9209 	0
5.9229 	0
5.9249 	1
5.9269 	2
5.9289 	2
5.9309 	1
5.9329 	0
5.9349 	0
5.9369 	0
5.9389 	0
5.9409 	0
5.9429 	1
5.9449 	3
5.9469 	0
5.9489 	0
5.9509 	0
5.9529 	0
5.9549 	0
5.9569 	0
5.9589 	0
5.9609 	0
5.9629 	0
5.9649 	0
5.9669 	0
5.9689 	0
5.9709 	0
5.9729 	3
5.9749 	1
5.9769 	2
5.9789 	3
5.9809 	2
5.9829 	0
5.9849 	0
5.9869 	1
5.9889 	0
5.9909 	0
5.9929 	1
5.9949 	2
5.9969 	0
5.9989 	0
6.0009 	0
6.0029 	1
6.0049 	0
6.0069 	0
6.0089 	0
6.0109 	1
6.0129 	0
6.0149 	0
6.0169 	0
6.0189 	0
6.0209 	0
6.0229 	0
6.0249 	0
6.0269 	2
6.0289 	3
6.0309 	3
6.0329 	2
6.0349 	0
6.0369 	0
6.0389 	0
6.0409 	1
6.0429 	0
6.0449 	0
6.0469 	0
6.0489 	2
6.0509 	0
6.0529 	0
6.0549 	0
6.0569 	0
6.0589 	0
6.0609 	0
6.0629 	0
6.0649 	0
6.0669 	0
6.0689 	0
6.0709 	0
6.0729 	0
6.0749 	0
6.0769 	0
6.0789 	0
6.0809 	0
6.0829 	0
6.0849 	0
6.0869 	0
6.0889 	0
6.0909 	0
6.0929 	0
6.0949 	0
6.0969 	0
6.0989 	0
6.1009 	0
6.1029 	1
6.1049 	1
6.1069 	1
6.1089 	0
6.1109 	0
6.1129 	0
6.1149 	0
6.1169 	0
6.1189 	0
6.1209 	2
6.1229 	2
6.1249 	0
6.1269 	1
6.1289 	1
6.1309 	0
6.1329 	1
6.1349 	1
6.1369 	2
6.1389 	3
6.1409 	2
6.1429 	3
6.1449 	1
6.1469 	0
6.1489 	0
6.1509 	1
6.1529 	0
6.1549 	0
6.1569 	0
6.1589 	2
6.1609 	0
6.1629 	1
6.1649 	0
6.1669 	0
6.1689 	0
6.1709 	0
6.1729 	0
6.1749 	0
6.1769 	0
6.1789 	0
6.1809 	0
6.1829 	0
6.1849 	0
6.1869 	0
6.1889 	0
6.1909 	0
6.1929 	0
6.1949 	1
6.1969 	3
6.1989 	2
6.2009 	0
6.2029 	0
6.2049 	0
6.2069 	0
6.2089 	0
6.2109 	1
6.2129 	0
6.2149 	0
6.2169 	0
6.2189 	0
6.2209 	0
6.2229 	0
6.2249 	0
6.2269 	0
6.2289 	0
6.2309 	0
6.2329 	0
6.2349 	3
6.2369 	2
6.2389 	0
6.2409 	0
6.2429 	0
6.2449 	0
6.2469 	0
6.2489 	0
6.2509 	0
6.2529 	0
6.2549 	0
6.2569 	0
6.2589 	0
6.2609 	2
6.2629 	0
6.2649 	0
6.2669 	0
6.2689 	0
6.2709 	0
6.2729 	0
6.2749 	2
6.2769 	3
6.2789 	1
6.2809 	0
6.2829 	0
6.2849 	1
6.2869 	0
6.2889 	0
6.2909 	2
6.2929 	2
6.2949 	2
6.2969 	0
6.2989 	0
6.3009 	0
6.3029 	0
6.3049 	0
6.3069 	1
6.3089 	1
6.3109 	0
6.3129 	0
6.3149 	0
6.3169 	0
6.3189 	0
6.3209 	0
6.3229 	0
6.3249 	0
6.3269 	0
6.3289 	0
6.3309 	0
6.3329 	0
6.3349 	0
6.3369 	0
6.3389 	0
6.3409 	0
6.3429 	0
6.3449 	0
6.3469 	0
6.3489 	0
6.3509 	0
6.3529 	0
6.3549 	1
6.3569 	0
6.3589 	0
6.3609 	0
6.3629 	0
6.3649 	1
6.3669 	0
6.3689 	3
6.3709 	0
6.3729 	0
6.3749 	0
6.3769 	0
6.3789 	0
6.3809 	0
6.3829 	0
6.3849 	0
6.3869 	0
6.3889 	0
6.3909 	0
6.3929 	0
6.3949 	0
6.3969 	0
6.3989 	0
6.4009 	0
6.4029 	0
6.4049 	0
6.4069 	0
6.4089 	0
6.4109 	0
6.4129 	2
6.4149 	1
6.4169 	0
6.4189 	0
6.4209 	0
6.4229 	0
6.4249 	0
6.4269 	0
6.4289 	0
6.4309 	0
6.4329 	2
6.4349 	0
6.4369 	0
6.4389 	0
6.4409 	0
6.4429 	0
6.4449 	0
6.4469 	1
6.4489 	0
6.4509 	2
6.4529 	1
6.4549 	0
6.4569 	1
6.4589 	0
6.4609 	0
6.4629 	0
6.4649 	1
6.4669 	0
6.4689 	0
6.4709 	0
6.4729 	0
6.4749 	0
6.4769 	0
6.4789 	0
6.4809 	0
6.4829 	0
6.4849 	0
6.4869 	0
6.4889 	0
6.4909 	2
6.4929 	0
6.4949 	0
6.4969 	4
6.4989 	1
6.5009 	1
6.5029 	0
6.5049 	0
6.5069 	0
6.5089 	0
6.5109 	0
6.5129 	0
6.5149 	0
6.5169 	0
6.5189 	0
6.5209 	0
6.5229 	0
6.5249 	0
6.5269 	0
6.5289 	0
6.5309 	0
6.5329 	0
6.5349 	0
6.5369 	0
6.5389 	2
6.5409 	2
6.5429 	0
6.5449 	0
6.5469 	0
6.5489 	0
6.5509 	0
6.5529 	0
6.5549 	2
6.5569 	1
6.5589 	1
6.5609 	0
6.5629 	0
6.5649 	0
6.5669 	0
6.5689 	0
6.5709 	1
6.5729 	0
6.5749 	1
6.5769 	0
6.5789 	0
6.5809 	0
6.5829 	0
6.5849 	0
6.5869 	0
6.5889 	0
6.5909 	0
6.5929 	0
6.5949 	0
6.5969 	0
6.5989 	0
6.6009 	0
6.6029 	0
6.6049 	1
6.6069 	0
6.6089 	0
6.6109 	1
6.6129 	0
6.6149 	0
6.6169 	0
6.6189 	0
6.6209 	0
6.6229 	0
6.6249 	0
6.6269 	0
6.6289 	0
6.6309 	0
6.6329 	0
6.6349 	0
6.6369 	0
6.6389 	0
6.6409 	1
6.6429 	0
6.6449 	0
6.6469 	0
6.6489 	0
6.6509 	0
6.6529 	0
6.6549 	0
6.6569 	0
6.6589 	0
6.6609 	0
6.6629 	0
6.6649 	0
6.6669 	1
6.6689 	3
6.6709 	0
6.6729 	0
6.6749 	0
6.6769 	0
6.6789 	0
6.6809 	0
6.6829 	0
6.6849 	0
6.6869 	0
6.6889 	0
6.6909 	0
6.6929 	0
6.6949 	0
6.6969 	0
6.6989 	0
6.7009 	0
6.7029 	0
6.7049 	1
6.7069 	2
6.7089 	0
6.7109 	2
6.7129 	1
6.7149 	1
6.7169 	0
6.7189 	0
6.7209 	0
6.7229 	0
6.7249 	0
6.7269 	0
6.7289 	0
6.7309 	0
6.7329 	0
6.7349 	0
6.7369 	0
6.7389 	0
6.7409 	0
6.7429 	0
6.7449 	0
6.7469 	0
6.7489 	0
6.7509 	0
6.7529 	0
6.7549 	0
6.7569 	2
6.7589 	0
6.7609 	1
6.7629 	0
6.7649 	0
6.7669 	2
6.7689 	2
6.7709 	2
6.7729 	2
6.7749 	1
6.7769 	4
6.7789 	3
6.7809 	0
6.7829 	2
6.7849 	0
6.7869 	1
6.7889 	0
6.7909 	0
6.7929 	0
6.7949 	0
6.7969 	0
6.7989 	2
6.8009 	0
6.8029 	1
6.8049 	0
6.8069 	0
6.8089 	0
6.8109 	0
6.8129 	0
6.8149 	0
6.8169 	0
6.8189 	0
6.8209 	0
6.8229 	0
6.8249 	0
6.8269 	0
6.8289 	0
6.8309 	0
6.8329 	0
6.8349 	0
6.8369 	0
6.8389 	0
6.8409 	0
6.8429 	0
6.8449 	0
6.8469 	0
6.8489 	0
6.8509 	0
6.8529 	0
6.8549 	0
6.8569 	0
6.8589 	0
6.8609 	0
6.8629 	0
6.8649 	0
6.8669 	0
6.8689 	0
6.8709 	0
6.8729 	0
6.8749 	0
6.8769 	0
6.8789 	0
6.8809 	0
6.8829 	0
6.8849 	0
6.8869 	0
6.8889 	1
6.8909 	0
6.8929 	0
6.8949 	1
6.8969 	0
6.8989 	0
6.9009 	0
6.9029 	0
6.9049 	0
6.9069 	0
6.9089 	0
6.9109 	0
6.9129 	0
6.9149 	0
6.9169 	0
6.9189 	5
6.9209 	3
6.9229 	0
6.9249 	0
6.9269 	0
6.9289 	0
6.9309 	0
6.9329 	0
6.9349 	0
6.9369 	0
6.9389 	0
6.9409 	0
6.9429 	0
6.9449 	1
6.9469 	0
6.9489 	0
6.9509 	0
6.9529 	0
6.9549 	0
6.9569 	0
6.9589 	0
6.9609 	2
6.9629 	1
6.9649 	2
6.9669 	1
6.9689 	1
6.9709 	0
6.9729 	0
6.9749 	0
6.9769 	0
6.9789 	0
6.9809 	0
6.9829 	0
6.9849 	0
6.9869 	0
6.9889 	0
6.9909 	0
6.9929 	0
6.9949 	0
6.9969 	0
6.9989 	0
7.0009 	0
7.0029 	0
7.0049 	0
7.0069 	0
7.0089 	0
7.0109 	0
7.0129 	2
7.0149 	1
7.0169 	2
7.0189 	0
7.0209 	0
7.0229 	2
7.0249 	0
7.0269 	1
7.0289 	2
7.0309 	3
7.0329 	3
7.0349 	0
7.0369 	0
7.0389 	0
7.0409 	0
7.0429 	0
7.0449 	1
7.0469 	0
7.0489 	0
7.0509 	0
7.0529 	1
7.0549 	1
7.0569 	2
7.0589 	1
7.0609 	2
7.0629 	0
7.0649 	2
7.0669 	0
7.0689 	0
7.0709 	0
7.0729 	0
7.0749 	0
7.0769 	0
7.0789 	0
7.0809 	0
7.0829 	0
7.0849 	0
7.0869 	1
7.0889 	3
7.0909 	0
7.0929 	1
7.0949 	0
7.0969 	0
7.0989 	0
7.1009 	0
7.1029 	0
7.1049 	1
7.1069 	1
7.1089 	0
7.1109 	2
7.1129 	0
7.1149 	0
7.1169 	0
7.1189 	3
7.1209 	3
7.1229 	3
7.1249 	1
7.1269 	0
7.1289 	0
7.1309 	0
7.1329 	0
7.1349 	0
7.1369 	0
7.1389 	1
7.1409 	0
7.1429 	0
7.1449 	0
7.1469 	0
7.1489 	0
7.1509 	0
7.1529 	0
7.1549 	0
7.1569 	0
7.1589 	0
7.1609 	0
7.1629 	0
7.1649 	0
7.1669 	0
7.1689 	0
7.1709 	0
7.1729 	0
7.1749 	0
7.1769 	0
7.1789 	0
7.1809 	0
7.1829 	0
7.1849 	0
7.1869 	0
7.1889 	3
7.1909 	1
7.1929 	0
7.1949 	0
7.1969 	0
7.1989 	0
7.2009 	0
7.2029 	0
7.2049 	0
7.2069 	0
7.2089 	0
7.2109 	0
7.2129 	0
7.2149 	0
7.2169 	2
7.2189 	3
7.2209 	0
7.2229 	0
7.2249 	0
7.2269 	0
7.2289 	0
7.2309 	0
7.2329 	0
7.2349 	0
7.2369 	0
7.2389 	0
7.2409 	0
7.2429 	0
7.2449 	0
7.2469 	0
7.2489 	0
7.2509 	0
7.2529 	0
7.2549 	0
7.2569 	0
7.2589 	0
7.2609 	0
7.2629 	0
7.2649 	0
7.2669 	0
7.2689 	0
7.2709 	1
7.2729 	0
7.2749 	0
7.2769 	0
7.2789 	0
7.2809 	0
7.2829 	0
7.2849 	0
7.2869 	1
7.2889 	0
7.2909 	0
7.2929 	0
7.2949 	0
7.2969 	0
7.2989 	0
7.3009 	0
7.3029 	0
7.3049 	0
7.3069 	0
7.3089 	1
7.3109 	1
7.3129 	1
7.3149 	1
7.3169 	0
7.3189 	0
7.3209 	0
7.3229 	0
7.3249 	0
7.3269 	0
7.3289 	0
7.3309 	0
7.3329 	0
7.3349 	1
7.3369 	3
7.3389 	0
7.3409 	0
7.3429 	0
7.3449 	0
7.3469 	0
7.3489 	3
7.3509 	0
7.3529 	1
7.3549 	1
7.3569 	0
7.3589 	0
7.3609 	0
7.3629 	0
7.3649 	0
7.3669 	0
7.3689 	0
7.3709 	0
7.3729 	0
7.3749 	0
7.3769 	0
7.3789 	0
7.3809 	0
7.3829 	0
7.3849 	0
7.3869 	0
7.3889 	0
7.3909 	0
7.3929 	0
7.3949 	0
7.3969 	0
7.3989 	0
7.4009 	0
7.4029 	0
7.4049 	0
7.4069 	0
7.4089 	0
7.4109 	0
7.4129 	0
7.4149 	0
7.4169 	0
7.4189 	0
7.4209 	0
7.4229 	0
7.4249 	0
7.4269 	0
7.4289 	0
7.4309 	0
7.4329 	0
7.4349 	0
7.4369 	0
7.4389 	0
7.4409 	0
7.4429 	0
7.4449 	0
7.4469 	0
7.4489 	0
7.4509 	0
7.4529 	0
7.4549 	0
7.4569 	0
7.4589 	3
7.4609 	4
7.4629 	0
7.4649 	0
7.4669 	0
7.4689 	0
7.4709 	3
7.4729 	2
7.4749 	0
7.4769 	0
7.4789 	0
7.4809 	0
7.4829 	0
7.4849 	0
7.4869 	0
7.4889 	0
7.4909 	0
7.4929 	0
7.4949 	0
7.4969 	0
7.4989 	0
7.5009 	0
7.5029 	0
7.5049 	0
7.5069 	0
7.5089 	0
7.5109 	0
7.5129 	0
7.5149 	0
7.5169 	0
7.5189 	1
7.5209 	3
7.5229 	0
7.5249 	0
7.5269 	0
7.5289 	0
7.5309 	0
7.5329 	0
7.5349 	0
7.5369 	0
7.5389 	0
7.5409 	2
7.5429 	3
7.5449 	1
7.5469 	1
7.5489 	1
7.5509 	0
7.5529 	0
7.5549 	2
7.5569 	0
7.5589 	0
7.5609 	0
7.5629 	1
7.5649 	0
7.5669 	1
7.5689 	0
7.5709 	0
7.5729 	0
7.5749 	0
7.5769 	0
7.5789 	0
7.5809 	0
7.5829 	0
7.5849 	0
7.5869 	0
7.5889 	0
7.5909 	0
7.5929 	0
7.5949 	0
7.5969 	0
7.5989 	0
7.6009 	0
7.6029 	0
7.6049 	0
7.6069 	0
7.6089 	0
7.6109 	0
7.6129 	0
7.6149 	2
7.6169 	0
7.6189 	1
7.6209 	0
7.6229 	0
7.6249 	0
7.6269 	0
7.6289 	0
7.6309 	0
7.6329 	0
7.6349 	0
7.6369 	0
7.6389 	0
7.6409 	0
7.6429 	0
7.6449 	1
7.6469 	0
7.6489 	0
7.6509 	0
7.6529 	0
7.6549 	0
7.6569 	0
7.6589 	0
7.6609 	0
7.6629 	0
7.6649 	0
7.6669 	0
7.6689 	0
7.6709 	0
7.6729 	0
7.6749 	0
7.6769 	0
7.6789 	0
7.6809 	1
7.6829 	0
7.6849 	0
7.6869 	0
7.6889 	0
7.6909 	0
7.6929 	2
7.6949 	3
7.6969 	0
7.6989 	0
7.7009 	0
7.7029 	0
7.7049 	0
7.7069 	0
7.7089 	0
7.7109 	0
7.7129 	0
7.7149 	0
7.7169 	0
7.7189 	0
7.7209 	0
7.7229 	0
7.7249 	0
7.7269 	0
7.7289 	0
7.7309 	0
7.7329 	0
7.7349 	0
7.7369 	0
7.7389 	0
7.7409 	0
7.7429 	0
7.7449 	0
7.7469 	0
7.7489 	2
7.7509 	1
7.7529 	0
7.7549 	0
7.7569 	0
7.7589 	0
7.7609 	0
7.7629 	0
7.7649 	0
7.7669 	0
7.7689 	0
7.7709 	0
7.7729 	0
7.7749 	0
7.7769 	0
7.7789 	0
7.7809 	0
7.7829 	0
7.7849 	0
7.7869 	0
7.7889 	2
7.7909 	2
7.7929 	1
7.7949 	0
7.7969 	0
7.7989 	0
7.8009 	0
7.8029 	0
7.8049 	0
7.8069 	0
7.8089 	0
7.8109 	0
7.8129 	0
7.8149 	0
7.8169 	0
7.8189 	0
7.8209 	0
7.8229 	0
7.8249 	0
7.8269 	0
7.8289 	1
7.8309 	2
7.8329 	0
7.8349 	0
7.8369 	0
7.8389 	0
7.8409 	0
7.8429 	0
7.8449 	0
7.8469 	1
7.8489 	2
7.8509 	1
7.8529 	0
7.8549 	0
7.8569 	0
7.8589 	0
7.8609 	0
7.8629 	0
7.8649 	0
7.8669 	0
7.8689 	0
7.8709 	0
7.8729 	0
7.8749 	0
7.8769 	0
7.8789 	4
7.8809 	2
7.8829 	1
7.8849 	0
7.8869 	1
7.8889 	0
7.8909 	0
7.8929 	1
7.8949 	0
7.8969 	0
7.8989 	0
7.9009 	0
7.9029 	0
7.9049 	0
7.9069 	0
7.9089 	0
7.9109 	0
7.9129 	0
7.9149 	0
7.9169 	0
7.9189 	0
7.9209 	0
7.9229 	0
7.9249 	0
7.9269 	0
7.9289 	0
7.9309 	0
7.9329 	0
7.9349 	0
7.9369 	0
7.9389 	0
7.9409 	0
7.9429 	0
7.9449 	0
7.9469 	0
7.9489 	0
7.9509 	0
7.9529 	0
7.9549 	0
7.9569 	0
7.9589 	0
7.9609 	0
7.9629 	0
7.9649 	0
7.9669 	0
7.9689 	0
7.9709 	0
7.9729 	0
7.9749 	0
7.9769 	0
7.9789 	0
7.9809 	0
7.9829 	0
7.9849 	0
7.9869 	0
7.9889 	0
7.9909 	0
7.9929 	0
7.9949 	0
7.9969 	0
7.9989 	0
8.0009 	0
8.0029 	0
8.0049 	0
8.0069 	0
8.0089 	1
8.0109 	2
8.0129 	1
8.0149 	0
8.0169 	0
8.0189 	0
8.0209 	1
8.0229 	0
8.0249 	0
8.0269 	0
8.0289 	0
8.0309 	0
8.0329 	0
8.0349 	0
8.0369 	0
8.0389 	0
8.0409 	0
8.0429 	0
8.0449 	0
8.0469 	0
8.0489 	1
8.0509 	0
8.0529 	1
8.0549 	1
8.0569 	0
8.0589 	0
8.0609 	0
8.0629 	0
8.0649 	0
8.0669 	0
8.0689 	0
8.0709 	0
8.0729 	0
8.0749 	0
8.0769 	0
8.0789 	0
8.0809 	0
8.0829 	0
8.0849 	0
8.0869 	0
8.0889 	0
8.0909 	4
8.0929 	2
8.0949 	1
8.0969 	1
8.0989 	0
8.1009 	0
8.1029 	0
8.1049 	0
8.1069 	0
8.1089 	0
8.1109 	0
8.1129 	0
8.1149 	0
8.1169 	0
8.1189 	0
8.1209 	1
8.1229 	3
8.1249 	1
8.1269 	1
8.1289 	0
8.1309 	0
8.1329 	1
8.1349 	0
8.1369 	0
8.1389 	0
8.1409 	0
8.1429 	0
8.1449 	0
8.1469 	0
8.1489 	0
8.1509 	0
8.1529 	0
8.1549 	0
8.1569 	2
8.1589 	2
8.1609 	0
8.1629 	0
8.1649 	0
8.1669 	0
8.1689 	0
8.1709 	0
8.1729 	0
8.1749 	0
8.1769 	1
8.1789 	1
8.1809 	0
8.1829 	0
8.1849 	0
8.1869 	0
8.1889 	0
8.1909 	0
8.1929 	0
8.1949 	0
8.1969 	0
8.1989 	0
8.2009 	0
8.2029 	0
8.2049 	0
8.2069 	0
8.2089 	0
8.2109 	0
8.2129 	0
8.2149 	0
8.2169 	0
8.2189 	0
8.2209 	0
8.2229 	0
8.2249 	0
8.2269 	0
8.2289 	0
8.2309 	0
8.2329 	0
8.2349 	0
8.2369 	0
8.2389 	0
8.2409 	0
8.2429 	0
8.2449 	0
8.2469 	1
8.2489 	2
8.2509 	1
8.2529 	0
8.2549 	0
8.2569 	0
8.2589 	0
8.2609 	0
8.2629 	0
8.2649 	0
8.2669 	0
8.2689 	1
8.2709 	0
8.2729 	0
8.2749 	0
8.2769 	0
8.2789 	0
8.2809 	0
8.2829 	0
8.2849 	0
8.2869 	0
8.2889 	0
8.2909 	0
8.2929 	0
8.2949 	0
8.2969 	0
8.2989 	0
8.3009 	0
8.3029 	0
8.3049 	0
8.3069 	0
8.3089 	0
8.3109 	0
8.3129 	0
8.3149 	0
8.3169 	0
8.3189 	0
8.3209 	0
8.3229 	0
8.3249 	2
8.3269 	0
8.3289 	0
8.3309 	0
8.3329 	1
8.3349 	0
8.3369 	0
8.3389 	0
8.3409 	0
8.3429 	0
8.3449 	0
8.3469 	0
8.3489 	0
8.3509 	0
8.3529 	0
8.3549 	0
8.3569 	0
8.3589 	0
8.3609 	0
8.3629 	0
8.3649 	0
8.3669 	0
8.3689 	0
8.3709 	0
8.3729 	0
8.3749 	0
8.3769 	0
8.3789 	0
8.3809 	0
8.3829 	0
8.3849 	0
8.3869 	0
8.3889 	0
8.3909 	0
8.3929 	0
8.3949 	0
8.3969 	0
8.3989 	0
8.4009 	0
8.4029 	0
8.4049 	0
8.4069 	0
8.4089 	0
8.4109 	1
8.4129 	0
8.4149 	0
8.4169 	0
8.4189 	1
8.4209 	0
8.4229 	0
8.4249 	0
8.4269 	0
8.4289 	0
8.4309 	0
8.4329 	0
8.4349 	0
8.4369 	0
8.4389 	0
8.4409 	0
8.4429 	0
8.4449 	1
8.4469 	0
8.4489 	0
8.4509 	0
8.4529 	1
8.4549 	0
8.4569 	0
8.4589 	0
8.4609 	0
8.4629 	0
8.4649 	0
8.4669 	0
8.4689 	0
8.4709 	0
8.4729 	1
8.4749 	0
8.4769 	0
8.4789 	0
8.4809 	0
8.4829 	0
8.4849 	0
8.4869 	0
8.4889 	0
8.4909 	0
8.4929 	0
8.4949 	0
8.4969 	0
8.4989 	0
8.5009 	0
8.5029 	0
8.5049 	0
8.5069 	1
8.5089 	1
8.5109 	0
8.5129 	0
8.5149 	0
8.5169 	0
8.5189 	0
8.5209 	0
8.5229 	0
8.5249 	0
8.5269 	0
8.5289 	0
8.5309 	0
8.5329 	0
8.5349 	0
8.5369 	1
8.5389 	3
8.5409 	0
8.5429 	0
8.5449 	0
8.5469 	0
8.5489 	0
8.5509 	0
8.5529 	0
8.5549 	0
8.5569 	1
8.5589 	2
8.5609 	0
8.5629 	0
8.5649 	2
8.5669 	1
8.5689 	0
8.5709 	0
8.5729 	0
8.5749 	2
8.5769 	1
8.5789 	0
8.5809 	0
8.5829 	0
8.5849 	0
8.5869 	0
8.5889 	0
8.5909 	0
8.5929 	0
8.5949 	1
8.5969 	2
8.5989 	0
8.6009 	0
8.6029 	0
8.6049 	0
8.6069 	0
8.6089 	0
8.6109 	0
8.6129 	0
8.6149 	0
8.6169 	0
8.6189 	0
8.6209 	0
8.6229 	0
8.6249 	0
8.6269 	0
8.6289 	0
8.6309 	0
8.6329 	0
8.6349 	0
8.6369 	0
8.6389 	0
8.6409 	0
8.6429 	0
8.6449 	0
8.6469 	0
8.6489 	0
8.6509 	0
8.6529 	0
8.6549 	0
8.6569 	0
8.6589 	0
8.6609 	0
8.6629 	0
8.6649 	0
8.6669 	0
8.6689 	0
8.6709 	0
8.6729 	0
8.6749 	2
8.6769 	0
8.6789 	0
8.6809 	0
8.6829 	0
8.6849 	0
8.6869 	0
8.6889 	0
8.6909 	0
8.6929 	0
8.6949 	0
8.6969 	0
8.6989 	0
8.7009 	1
8.7029 	2
8.7049 	2
8.7069 	0
8.7089 	0
8.7109 	0
8.7129 	0
8.7149 	0
8.7169 	0
8.7189 	0
8.7209 	0
8.7229 	0
8.7249 	0
8.7269 	0
8.7289 	0
8.7309 	0
8.7329 	0
8.7349 	0
8.7369 	0
8.7389 	0
8.7409 	0
8.7429 	0
8.7449 	0
8.7469 	0
8.7489 	0
8.7509 	0
8.7529 	0
8.7549 	0
8.7569 	0
8.7589 	0
8.7609 	0
8.7629 	0
8.7649 	0
8.7669 	0
8.7689 	0
8.7709 	0
8.7729 	0
8.7749 	0
8.7769 	0
8.7789 	0
8.7809 	0
8.7829 	0
8.7849 	0
8.7869 	0
8.7889 	0
8.7909 	0
8.7929 	0
8.7949 	0
8.7969 	0
8.7989 	0
8.8009 	0
8.8029 	0
8.8049 	0
8.8069 	0
8.8089 	0
8.8109 	0
8.8129 	0
8.8149 	0
8.8169 	0
8.8189 	0
8.8209 	0
8.8229 	0
8.8249 	0
8.8269 	0
8.8289 	1
8.8309 	2
8.8329 	4
8.8349 	0
8.8369 	0
8.8389 	0
8.8409 	0
8.8429 	0
8.8449 	0
8.8469 	0
8.8489 	0
8.8509 	0
8.8529 	0
8.8549 	0
8.8569 	0
8.8589 	2
8.8609 	0
8.8629 	3
8.8649 	1
8.8669 	1
8.8689 	0
8.8709 	0
8.8729 	1
8.8749 	1
8.8769 	0
8.8789 	2
8.8809 	0
8.8829 	0
8.8849 	0
8.8869 	0
8.8889 	0
8.8909 	0
8.8929 	0
8.8949 	0
8.8969 	0
8.8989 	1
8.9009 	2
8.9029 	1
8.9049 	0
8.9069 	1
8.9089 	0
8.9109 	2
8.9129 	0
8.9149 	0
8.9169 	0
8.9189 	0
8.9209 	0
8.9229 	0
8.9249 	0
8.9269 	0
8.9289 	0
8.9309 	0
8.9329 	0
8.9349 	0
8.9369 	0
8.9389 	0
8.9409 	0
8.9429 	0
8.9449 	0
8.9469 	0
8.9489 	0
8.9509 	0
8.9529 	0
8.9549 	0
8.9569 	0
8.9589 	0
8.9609 	0
8.9629 	0
8.9649 	0
8.9669 	0
8.9689 	0
8.9709 	0
8.9729 	0
8.9749 	0
8.9769 	0
8.9789 	0
8.9809 	0
8.9829 	0
8.9849 	0
8.9869 	0
8.9889 	0
8.9909 	0
8.9929 	0
8.9949 	0
8.9969 	0
8.9989 	0
9.0009 	0
9.0029 	0
9.0049 	0
9.0069 	0
9.0089 	0
9.0109 	0
9.0129 	0
9.0149 	0
9.0169 	0
9.0189 	0
9.0209 	0
9.0229 	0
9.0249 	0
9.0269 	0
9.0289 	0
9.0309 	0
9.0329 	0
9.0349 	0
9.0369 	0
9.0389 	0
9.0409 	2
9.0429 	1
9.0449 	0
9.0469 	0
9.0489 	0
9.0509 	0
9.0529 	0
9.0549 	0
9.0569 	0
9.0589 	0
9.0609 	0
9.0629 	0
9.0649 	0
9.0669 	0
9.0689 	0
9.0709 	0
9.0729 	0
9.0749 	0
9.0769 	0
9.0789 	0
9.0809 	0
9.0829 	0
9.0849 	0
9.0869 	0
9.0889 	0
9.0909 	0
9.0929 	0
9.0949 	1
9.0969 	3
9.0989 	1
9.1009 	0
9.1029 	0
9.1049 	0
9.1069 	0
9.1089 	0
9.1109 	0
9.1129 	0
9.1149 	0
9.1169 	0
9.1189 	0
9.1209 	0
9.1229 	0
9.1249 	0
9.1269 	0
9.1289 	0
9.1309 	0
9.1329 	0
9.1349 	0
9.1369 	0
9.1389 	0
9.1409 	0
9.1429 	0
9.1449 	0
9.1469 	0
9.1489 	0
9.1509 	0
9.1529 	0
9.1549 	0
9.1569 	0
9.1589 	0
9.1609 	0
9.1629 	0
9.1649 	0
9.1669 	0
9.1689 	0
9.1709 	0
9.1729 	0
9.1749 	0
9.1769 	1
9.1789 	0
9.1809 	0
9.1829 	0
9.1849 	0
9.1869 	0
9.1889 	1
9.1909 	3
9.1929 	1
9.1949 	2
9.1969 	0
9.1989 	0
9.2009 	0
9.2029 	0
9.2049 	0
9.2069 	0
9.2089 	0
9.2109 	0
9.2129 	0
9.2149 	0
9.2169 	0
9.2189 	0
9.2209 	0
9.2229 	0
9.2249 	0
9.2269 	0
9.2289 	0
9.2309 	0
9.2329 	0
9.2349 	0
9.2369 	0
9.2389 	0
9.2409 	0
9.2429 	0
9.2449 	0
9.2469 	0
9.2489 	1
9.2509 	0
9.2529 	0
9.2549 	0
9.2569 	1
9.2589 	0
9.2609 	0
9.2629 	0
9.2649 	0
9.2669 	0
9.2689 	0
9.2709 	0
9.2729 	0
9.2749 	0
9.2769 	0
9.2789 	0
9.2809 	0
9.2829 	0
9.2849 	0
9.2869 	0
9.2889 	0
9.2909 	0
9.2929 	0
9.2949 	0
9.2969 	2
9.2989 	0
9.3009 	0
9.3029 	0
9.3049 	0
9.3069 	0
9.3089 	0
9.3109 	0
9.3129 	0
9.3149 	0
9.3169 	0
9.3189 	0
9.3209 	0
9.3229 	0
9.3249 	0
9.3269 	0
9.3289 	0
9.3309 	0
9.3329 	0
9.3349 	0
9.3369 	0
9.3389 	0
9.3409 	0
9.3429 	0
9.3449 	0
9.3469 	0
9.3489 	0
9.3509 	0
9.3529 	0
9.3549 	0
9.3569 	0
9.3589 	0
9.3609 	0
9.3629 	0
9.3649 	0
9.3669 	0
9.3689 	0
9.3709 	0
9.3729 	0
9.3749 	0
9.3769 	3
9.3789 	1
9.3809 	0
9.3829 	0
9.3849 	0
9.3869 	0
9.3889 	0
9.3909 	0
9.3929 	0
9.3949 	0
9.3969 	0
9.3989 	0
9.4009 	0
9.4029 	0
9.4049 	0
9.4069 	0
9.4089 	0
9.4109 	0
9.4129 	0
9.4149 	0
9.4169 	0
9.4189 	0
9.4209 	0
9.4229 	0
9.4249 	0
9.4269 	0
9.4289 	0
9.4309 	0
9.4329 	0
9.4349 	0
9.4369 	0
9.4389 	0
9.4409 	0
9.4429 	0
9.4449 	0
9.4469 	0
9.4489 	0
9.4509 	0
9.4529 	0
9.4549 	0
9.4569 	0
9.4589 	0
9.4609 	0
9.4629 	0
9.4649 	0
9.4669 	0
9.4689 	0
9.4709 	0
9.4729 	0
9.4749 	0
9.4769 	0
9.4789 	1
9.4809 	0
9.4829 	0
9.4849 	0
9.4869 	1
9.4889 	0
9.4909 	0
9.4929 	0
9.4949 	0
9.4969 	0
9.4989 	0
9.5009 	0
9.5029 	0
9.5049 	0
9.5069 	0
9.5089 	0
9.5109 	2
9.5129 	0
9.5149 	2
9.5169 	0
9.5189 	0
9.5209 	0
9.5229 	0
9.5249 	0
9.5269 	0
9.5289 	0
9.5309 	0
9.5329 	0
9.5349 	0
9.5369 	0
9.5389 	0
9.5409 	0
9.5429 	0
9.5449 	0
9.5469 	0
9.5489 	1
9.5509 	1
9.5529 	1
9.5549 	2
9.5569 	1
9.5589 	0
9.5609 	1
9.5629 	1
9.5649 	1
9.5669 	0
9.5689 	0
9.5709 	2
9.5729 	0
9.5749 	0
9.5769 	1
9.5789 	0
9.5809 	0
9.5829 	0
9.5849 	0
9.5869 	0
9.5889 	0
9.5909 	0
9.5929 	0
9.5949 	0
9.5969 	0
9.5989 	0
9.6009 	0
9.6029 	0
9.6049 	0
9.6069 	0
9.6089 	0
9.6109 	0
9.6129 	1
9.6149 	0
9.6169 	0
9.6189 	0
9.6209 	0
9.6229 	0
9.6249 	0
9.6269 	0
9.6289 	0
9.6309 	0
9.6329 	0
9.6349 	0
9.6369 	0
9.6389 	2
9.6409 	1
9.6429 	1
9.6449 	0
9.6469 	0
9.6489 	0
9.6509 	0
9.6529 	0
9.6549 	0
9.6569 	0
9.6589 	0
9.6609 	0
9.6629 	0
9.6649 	0
9.6669 	0
9.6689 	0
9.6709 	0
9.6729 	0
9.6749 	1
9.6769 	0
9.6789 	0
9.6809 	0
9.6829 	0
9.6849 	0
9.6869 	0
9.6889 	0
9.6909 	0
9.6929 	0
9.6949 	0
9.6969 	0
9.6989 	0
9.7009 	0
9.7029 	0
9.7049 	0
9.7069 	0
9.7089 	0
9.7109 	0
9.7129 	0
9.7149 	0
9.7169 	0
9.7189 	0
9.7209 	0
9.7229 	0
9.7249 	1
9.7269 	3
9.7289 	2
9.7309 	0
9.7329 	0
9.7349 	0
9.7369 	0
9.7389 	0
9.7409 	0
9.7429 	0
9.7449 	0
9.7469 	0
9.7489 	0
9.7509 	0
9.7529 	0
9.7549 	0
9.7569 	0
9.7589 	0
9.7609 	0
9.7629 	0
9.7649 	0
9.7669 	0
9.7689 	0
9.7709 	0
9.7729 	0
9.7749 	0
9.7769 	0
9.7789 	0
9.7809 	0
9.7829 	0
9.7849 	0
9.7869 	0
9.7889 	0
9.7909 	0
9.7929 	0
9.7949 	0
9.7969 	0
9.7989 	0
9.8009 	0
9.8029 	0
9.8049 	0
9.8069 	0
9.8089 	0
9.8109 	0
9.8129 	0
9.8149 	0
9.8169 	0
9.8189 	0
9.8209 	0
9.8229 	0
9.8249 	0
9.8269 	0
9.8289 	0
9.8309 	0
9.8329 	0
9.8349 	0
9.8369 	0
9.8389 	0
9.8409 	0
9.8429 	0
9.8449 	0
9.8469 	0
9.8489 	0
9.8509 	0
9.8529 	0
9.8549 	0
9.8569 	0
9.8589 	0
9.8609 	0
9.8629 	0
9.8649 	0
9.8669 	0
9.8689 	0
9.8709 	1
9.8729 	0
9.8749 	2
9.8769 	1
9.8789 	1
9.8809 	0
9.8829 	0
9.8849 	0
9.8869 	0
9.8889 	0
9.8909 	0
9.8929 	0
9.8949 	0
9.8969 	0
9.8989 	0
9.9009 	0
9.9029 	0
9.9049 	0
9.9069 	0
9.9089 	0
9.9109 	0
9.9129 	0
9.9149 	0
9.9169 	0
9.9189 	0
9.9209 	0
9.9229 	2
9.9249 	2
9.9269 	1
9.9289 	0
9.9309 	0
9.9329 	0
9.9349 	0
9.9369 	0
9.9389 	0
9.9409 	0
9.9429 	0
9.9449 	0
9.9469 	0
9.9489 	0
9.9509 	1
9.9529 	0
9.9549 	0
9.9569 	0
9.9589 	0
9.9609 	0
9.9629 	0
9.9649 	0
9.9669 	0
9.9689 	0
9.9709 	0
9.9729 	0
9.9749 	0
9.9769 	0
9.9789 	0
9.9809 	0
9.9829 	0
9.9849 	0
9.9869 	0
9.9889 	0
9.9909 	0
9.9929 	0
9.9949 	0
9.9969 	0
9.9989 	0
10.0009 	0
